frequency	V(inoise)	V(onoise)
1.000000000000000e-001	1.132826e-006	1.724321e-008
1.023292992280754e-001	1.107186e-006	1.724144e-008
1.047128548050900e-001	1.082134e-006	1.723960e-008
1.071519305237607e-001	1.057656e-006	1.723767e-008
1.096478196143185e-001	1.033738e-006	1.723564e-008
1.122018454301964e-001	1.010368e-006	1.723353e-008
1.148153621496883e-001	9.875340e-007	1.723132e-008
1.174897554939530e-001	9.652235e-007	1.722901e-008
1.202264434617413e-001	9.434248e-007	1.722659e-008
1.230268770812382e-001	9.221262e-007	1.722406e-008
1.258925411794167e-001	9.013166e-007	1.722141e-008
1.288249551693134e-001	8.809848e-007	1.721865e-008
1.318256738556407e-001	8.611200e-007	1.721575e-008
1.348962882591653e-001	8.417118e-007	1.721273e-008
1.380384264602884e-001	8.227498e-007	1.720956e-008
1.412537544622754e-001	8.042240e-007	1.720626e-008
1.445439770745927e-001	7.861246e-007	1.720280e-008
1.479108388168207e-001	7.684420e-007	1.719918e-008
1.513561248436207e-001	7.511667e-007	1.719541e-008
1.548816618912480e-001	7.342896e-007	1.719146e-008
1.584893192461112e-001	7.178018e-007	1.718733e-008
1.621810097358929e-001	7.016944e-007	1.718302e-008
1.659586907437559e-001	6.859591e-007	1.717851e-008
1.698243652461743e-001	6.705874e-007	1.717380e-008
1.737800828749374e-001	6.555711e-007	1.716888e-008
1.778279410038921e-001	6.409023e-007	1.716375e-008
1.819700858609982e-001	6.265733e-007	1.715838e-008
1.862087136662866e-001	6.125763e-007	1.715278e-008
1.905460717963245e-001	5.989041e-007	1.714692e-008
1.949844599758043e-001	5.855492e-007	1.714081e-008
1.995262314968878e-001	5.725047e-007	1.713443e-008
2.041737944669527e-001	5.597635e-007	1.712778e-008
2.089296130854037e-001	5.473191e-007	1.712083e-008
2.137962089502230e-001	5.351646e-007	1.711357e-008
2.187761623949550e-001	5.232937e-007	1.710601e-008
2.238721138568337e-001	5.117001e-007	1.709812e-008
2.290867652767770e-001	5.003776e-007	1.708989e-008
2.344228815319919e-001	4.893201e-007	1.708130e-008
2.398832919019487e-001	4.785219e-007	1.707235e-008
2.454708915685027e-001	4.679771e-007	1.706302e-008
2.511886431509577e-001	4.576802e-007	1.705330e-008
2.570395782768861e-001	4.476256e-007	1.704317e-008
2.630267991895379e-001	4.378082e-007	1.703261e-008
2.691534803926912e-001	4.282224e-007	1.702162e-008
2.754228703338163e-001	4.188634e-007	1.701017e-008
2.818382931264450e-001	4.097261e-007	1.699826e-008
2.884031503126602e-001	4.008057e-007	1.698586e-008
2.951209226666382e-001	3.920973e-007	1.697295e-008
3.019951720402012e-001	3.835964e-007	1.695953e-008
3.090295432513586e-001	3.752983e-007	1.694558e-008
3.162277660168375e-001	3.671987e-007	1.693107e-008
3.235936569296278e-001	3.592933e-007	1.691599e-008
3.311311214825907e-001	3.515777e-007	1.690032e-008
3.388441561392021e-001	3.440480e-007	1.688405e-008
3.467368504525312e-001	3.366999e-007	1.686716e-008
3.548133892335750e-001	3.295297e-007	1.684963e-008
3.630780547701009e-001	3.225334e-007	1.683145e-008
3.715352290971720e-001	3.157073e-007	1.681259e-008
3.801893963205607e-001	3.090477e-007	1.679304e-008
3.890451449942800e-001	3.025511e-007	1.677279e-008
3.981071705534967e-001	2.962138e-007	1.675181e-008
4.073802778041121e-001	2.900326e-007	1.673009e-008
4.168693834703348e-001	2.840040e-007	1.670762e-008
4.265795188015920e-001	2.781247e-007	1.668437e-008
4.365158322401653e-001	2.723916e-007	1.666035e-008
4.466835921509624e-001	2.668016e-007	1.663552e-008
4.570881896148742e-001	2.613516e-007	1.660989e-008
4.677351412871974e-001	2.560386e-007	1.658342e-008
4.786300923226375e-001	2.508597e-007	1.655613e-008
4.897788193684454e-001	2.458121e-007	1.652799e-008
5.011872336272715e-001	2.408929e-007	1.649900e-008
5.128613839913641e-001	2.360995e-007	1.646915e-008
5.248074602497718e-001	2.314292e-007	1.643844e-008
5.370317963702519e-001	2.268793e-007	1.640685e-008
5.495408738576236e-001	2.224474e-007	1.637440e-008
5.623413251903481e-001	2.181308e-007	1.634106e-008
5.754399373371559e-001	2.139273e-007	1.630686e-008
5.888436553555879e-001	2.098343e-007	1.627178e-008
6.025595860743567e-001	2.058497e-007	1.623584e-008
6.165950018614811e-001	2.019709e-007	1.619904e-008
6.309573444801921e-001	1.981959e-007	1.616139e-008
6.456542290346544e-001	1.945225e-007	1.612290e-008
6.606934480075949e-001	1.909484e-007	1.608359e-008
6.760829753919806e-001	1.874716e-007	1.604346e-008
6.918309709189353e-001	1.840899e-007	1.600255e-008
7.079457843841367e-001	1.808015e-007	1.596086e-008
7.244359600749888e-001	1.776042e-007	1.591843e-008
7.413102413009162e-001	1.744961e-007	1.587527e-008
7.585775750291823e-001	1.714753e-007	1.583142e-008
7.762471166286903e-001	1.685400e-007	1.578691e-008
7.943282347242799e-001	1.656882e-007	1.574176e-008
8.128305161640976e-001	1.629182e-007	1.569602e-008
8.317637711026693e-001	1.602282e-007	1.564971e-008
8.511380382023747e-001	1.576164e-007	1.560289e-008
8.709635899560788e-001	1.550811e-007	1.555559e-008
8.912509381337437e-001	1.526205e-007	1.550784e-008
9.120108393559078e-001	1.502331e-007	1.545971e-008
9.332543007969890e-001	1.479172e-007	1.541123e-008
9.549925860214339e-001	1.456712e-007	1.536245e-008
9.772372209558086e-001	1.434934e-007	1.531342e-008
9.999999999999978e-001	1.413823e-007	1.526418e-008
1.023292992280752e+000	1.393364e-007	1.521480e-008
1.047128548050897e+000	1.373542e-007	1.516532e-008
1.071519305237604e+000	1.354340e-007	1.511579e-008
1.096478196143182e+000	1.335745e-007	1.506626e-008
1.122018454301961e+000	1.317743e-007	1.501679e-008
1.148153621496880e+000	1.300318e-007	1.496743e-008
1.174897554939527e+000	1.283456e-007	1.491822e-008
1.202264434617410e+000	1.267143e-007	1.486922e-008
1.230268770812378e+000	1.251367e-007	1.482048e-008
1.258925411794164e+000	1.236112e-007	1.477205e-008
1.288249551693131e+000	1.221367e-007	1.472397e-008
1.318256738556404e+000	1.207116e-007	1.467629e-008
1.348962882591650e+000	1.193349e-007	1.462905e-008
1.380384264602881e+000	1.180051e-007	1.458229e-008
1.412537544622750e+000	1.167210e-007	1.453607e-008
1.445439770745923e+000	1.154813e-007	1.449040e-008
1.479108388168203e+000	1.142850e-007	1.444534e-008
1.513561248436204e+000	1.131306e-007	1.440092e-008
1.548816618912477e+000	1.120171e-007	1.435716e-008
1.584893192461109e+000	1.109433e-007	1.431410e-008
1.621810097358925e+000	1.099080e-007	1.427177e-008
1.659586907437555e+000	1.089102e-007	1.423019e-008
1.698243652461739e+000	1.079486e-007	1.418938e-008
1.737800828749370e+000	1.070222e-007	1.414936e-008
1.778279410038917e+000	1.061300e-007	1.411015e-008
1.819700858609977e+000	1.052709e-007	1.407177e-008
1.862087136662861e+000	1.044439e-007	1.403423e-008
1.905460717963241e+000	1.036479e-007	1.399754e-008
1.949844599758039e+000	1.028820e-007	1.396171e-008
1.995262314968873e+000	1.021452e-007	1.392674e-008
2.041737944669523e+000	1.014366e-007	1.389264e-008
2.089296130854033e+000	1.007552e-007	1.385942e-008
2.137962089502225e+000	1.001001e-007	1.382707e-008
2.187761623949545e+000	9.947052e-008	1.379559e-008
2.238721138568332e+000	9.886552e-008	1.376498e-008
2.290867652767766e+000	9.828427e-008	1.373523e-008
2.344228815319914e+000	9.772596e-008	1.370634e-008
2.398832919019482e+000	9.718978e-008	1.367830e-008
2.454708915685022e+000	9.667496e-008	1.365111e-008
2.511886431509572e+000	9.618073e-008	1.362474e-008
2.570395782768855e+000	9.570637e-008	1.359920e-008
2.630267991895373e+000	9.525115e-008	1.357446e-008
2.691534803926906e+000	9.481438e-008	1.355052e-008
2.754228703338157e+000	9.439538e-008	1.352736e-008
2.818382931264444e+000	9.399349e-008	1.350497e-008
2.884031503126595e+000	9.360809e-008	1.348334e-008
2.951209226666375e+000	9.323853e-008	1.346244e-008
3.019951720402005e+000	9.288425e-008	1.344226e-008
3.090295432513579e+000	9.254464e-008	1.342278e-008
3.162277660168367e+000	9.221915e-008	1.340400e-008
3.235936569296270e+000	9.190722e-008	1.338588e-008
3.311311214825898e+000	9.160836e-008	1.336842e-008
3.388441561392012e+000	9.132202e-008	1.335159e-008
3.467368504525302e+000	9.104774e-008	1.333538e-008
3.548133892335740e+000	9.078502e-008	1.331978e-008
3.630780547700999e+000	9.053342e-008	1.330476e-008
3.715352290971711e+000	9.029249e-008	1.329030e-008
3.801893963205597e+000	9.006180e-008	1.327640e-008
3.890451449942790e+000	8.984093e-008	1.326303e-008
3.981071705534956e+000	8.962950e-008	1.325018e-008
4.073802778041110e+000	8.942713e-008	1.323782e-008
4.168693834703337e+000	8.923342e-008	1.322595e-008
4.265795188015909e+000	8.904805e-008	1.321455e-008
4.365158322401642e+000	8.887066e-008	1.320360e-008
4.466835921509612e+000	8.870092e-008	1.319309e-008
4.570881896148731e+000	8.853851e-008	1.318299e-008
4.677351412871962e+000	8.838314e-008	1.317331e-008
4.786300923226363e+000	8.823451e-008	1.316401e-008
4.897788193684440e+000	8.809233e-008	1.315510e-008
5.011872336272701e+000	8.795633e-008	1.314655e-008
5.128613839913625e+000	8.782626e-008	1.313835e-008
5.248074602497702e+000	8.770186e-008	1.313048e-008
5.370317963702503e+000	8.758290e-008	1.312295e-008
5.495408738576220e+000	8.746914e-008	1.311572e-008
5.623413251903465e+000	8.736036e-008	1.310880e-008
5.754399373371542e+000	8.725635e-008	1.310217e-008
5.888436553555861e+000	8.715691e-008	1.309581e-008
6.025595860743549e+000	8.706184e-008	1.308972e-008
6.165950018614792e+000	8.697094e-008	1.308389e-008
6.309573444801902e+000	8.688405e-008	1.307831e-008
6.456542290346524e+000	8.680099e-008	1.307296e-008
6.606934480075928e+000	8.672159e-008	1.306785e-008
6.760829753919785e+000	8.664571e-008	1.306295e-008
6.918309709189331e+000	8.657317e-008	1.305826e-008
7.079457843841344e+000	8.650384e-008	1.305377e-008
7.244359600749864e+000	8.643757e-008	1.304947e-008
7.413102413009137e+000	8.637425e-008	1.304536e-008
7.585775750291798e+000	8.631373e-008	1.304142e-008
7.762471166286877e+000	8.625589e-008	1.303766e-008
7.943282347242774e+000	8.620062e-008	1.303406e-008
8.128305161640951e+000	8.614781e-008	1.303062e-008
8.317637711026666e+000	8.609734e-008	1.302732e-008
8.511380382023720e+000	8.604912e-008	1.302417e-008
8.709635899560761e+000	8.600304e-008	1.302115e-008
8.912509381337408e+000	8.595902e-008	1.301827e-008
9.120108393559049e+000	8.591694e-008	1.301552e-008
9.332543007969861e+000	8.587676e-008	1.301288e-008
9.549925860214309e+000	8.583835e-008	1.301036e-008
9.772372209558055e+000	8.580167e-008	1.300795e-008
9.999999999999947e+000	8.576661e-008	1.300565e-008
1.023292992280749e+001	8.573312e-008	1.300344e-008
1.047128548050894e+001	8.570113e-008	1.300134e-008
1.071519305237601e+001	8.567056e-008	1.299933e-008
1.096478196143179e+001	8.564137e-008	1.299740e-008
1.122018454301957e+001	8.561347e-008	1.299556e-008
1.148153621496876e+001	8.558683e-008	1.299380e-008
1.174897554939523e+001	8.556137e-008	1.299212e-008
1.202264434617406e+001	8.553705e-008	1.299052e-008
1.230268770812375e+001	8.551383e-008	1.298898e-008
1.258925411794160e+001	8.549164e-008	1.298752e-008
1.288249551693127e+001	8.547044e-008	1.298612e-008
1.318256738556400e+001	8.545019e-008	1.298478e-008
1.348962882591646e+001	8.543085e-008	1.298350e-008
1.380384264602877e+001	8.541237e-008	1.298227e-008
1.412537544622746e+001	8.539473e-008	1.298110e-008
1.445439770745919e+001	8.537787e-008	1.297999e-008
1.479108388168199e+001	8.536178e-008	1.297892e-008
1.513561248436199e+001	8.534639e-008	1.297790e-008
1.548816618912472e+001	8.533171e-008	1.297693e-008
1.584893192461104e+001	8.531768e-008	1.297600e-008
1.621810097358920e+001	8.530428e-008	1.297511e-008
1.659586907437550e+001	8.529148e-008	1.297426e-008
1.698243652461734e+001	8.527925e-008	1.297345e-008
1.737800828749365e+001	8.526757e-008	1.297267e-008
1.778279410038912e+001	8.525642e-008	1.297193e-008
1.819700858609972e+001	8.524577e-008	1.297122e-008
1.862087136662855e+001	8.523560e-008	1.297055e-008
1.905460717963235e+001	8.522588e-008	1.296990e-008
1.949844599758032e+001	8.521660e-008	1.296928e-008
1.995262314968866e+001	8.520774e-008	1.296870e-008
2.041737944669515e+001	8.519927e-008	1.296813e-008
2.089296130854025e+001	8.519118e-008	1.296759e-008
2.137962089502218e+001	8.518346e-008	1.296708e-008
2.187761623949537e+001	8.517608e-008	1.296659e-008
2.238721138568324e+001	8.516904e-008	1.296612e-008
2.290867652767757e+001	8.516231e-008	1.296567e-008
2.344228815319906e+001	8.515589e-008	1.296525e-008
2.398832919019474e+001	8.514975e-008	1.296484e-008
2.454708915685013e+001	8.514389e-008	1.296445e-008
2.511886431509563e+001	8.513830e-008	1.296408e-008
2.570395782768846e+001	8.513295e-008	1.296372e-008
2.630267991895363e+001	8.512784e-008	1.296338e-008
2.691534803926897e+001	8.512297e-008	1.296305e-008
2.754228703338147e+001	8.511831e-008	1.296274e-008
2.818382931264434e+001	8.511386e-008	1.296245e-008
2.884031503126585e+001	8.510961e-008	1.296217e-008
2.951209226666364e+001	8.510556e-008	1.296189e-008
3.019951720401994e+001	8.510168e-008	1.296164e-008
3.090295432513568e+001	8.509799e-008	1.296139e-008
3.162277660168356e+001	8.509445e-008	1.296115e-008
3.235936569296258e+001	8.509107e-008	1.296093e-008
3.311311214825886e+001	8.508785e-008	1.296072e-008
3.388441561392000e+001	8.508478e-008	1.296051e-008
3.467368504525290e+001	8.508184e-008	1.296031e-008
3.548133892335728e+001	8.507903e-008	1.296013e-008
3.630780547700986e+001	8.507634e-008	1.295995e-008
3.715352290971697e+001	8.507379e-008	1.295978e-008
3.801893963205583e+001	8.507134e-008	1.295961e-008
3.890451449942776e+001	8.506900e-008	1.295946e-008
3.981071705534941e+001	8.506677e-008	1.295931e-008
4.073802778041095e+001	8.506465e-008	1.295917e-008
4.168693834703321e+001	8.506261e-008	1.295903e-008
4.265795188015893e+001	8.506067e-008	1.295890e-008
4.365158322401625e+001	8.505882e-008	1.295878e-008
4.466835921509595e+001	8.505704e-008	1.295866e-008
4.570881896148713e+001	8.505535e-008	1.295855e-008
4.677351412871944e+001	8.505373e-008	1.295844e-008
4.786300923226344e+001	8.505219e-008	1.295834e-008
4.897788193684422e+001	8.505071e-008	1.295824e-008
5.011872336272682e+001	8.504931e-008	1.295814e-008
5.128613839913606e+001	8.504797e-008	1.295805e-008
5.248074602497682e+001	8.504668e-008	1.295797e-008
5.370317963702482e+001	8.504546e-008	1.295789e-008
5.495408738576199e+001	8.504428e-008	1.295781e-008
5.623413251903443e+001	8.504317e-008	1.295773e-008
5.754399373371521e+001	8.504210e-008	1.295766e-008
5.888436553555840e+001	8.504108e-008	1.295759e-008
6.025595860743526e+001	8.504011e-008	1.295753e-008
6.165950018614769e+001	8.503918e-008	1.295747e-008
6.309573444801878e+001	8.503829e-008	1.295741e-008
6.456542290346499e+001	8.503743e-008	1.295735e-008
6.606934480075903e+001	8.503662e-008	1.295730e-008
6.760829753919759e+001	8.503586e-008	1.295724e-008
6.918309709189305e+001	8.503512e-008	1.295720e-008
7.079457843841317e+001	8.503441e-008	1.295715e-008
7.244359600749837e+001	8.503373e-008	1.295710e-008
7.413102413009111e+001	8.503309e-008	1.295706e-008
7.585775750291771e+001	8.503248e-008	1.295702e-008
7.762471166286849e+001	8.503189e-008	1.295698e-008
7.943282347242744e+001	8.503133e-008	1.295694e-008
8.128305161640920e+001	8.503080e-008	1.295690e-008
8.317637711026636e+001	8.503029e-008	1.295687e-008
8.511380382023688e+001	8.502980e-008	1.295684e-008
8.709635899560728e+001	8.502933e-008	1.295681e-008
8.912509381337374e+001	8.502889e-008	1.295678e-008
9.120108393559013e+001	8.502846e-008	1.295675e-008
9.332543007969824e+001	8.502806e-008	1.295672e-008
9.549925860214270e+001	8.502766e-008	1.295669e-008
9.772372209558016e+001	8.502730e-008	1.295667e-008
9.999999999999906e+001	8.502694e-008	1.295664e-008
1.023292992280745e+002	8.502661e-008	1.295662e-008
1.047128548050890e+002	8.502628e-008	1.295660e-008
1.071519305237596e+002	8.502597e-008	1.295658e-008
1.096478196143175e+002	8.502568e-008	1.295656e-008
1.122018454301953e+002	8.502540e-008	1.295654e-008
1.148153621496872e+002	8.502513e-008	1.295652e-008
1.174897554939518e+002	8.502487e-008	1.295650e-008
1.202264434617402e+002	8.502463e-008	1.295649e-008
1.230268770812370e+002	8.502440e-008	1.295647e-008
1.258925411794155e+002	8.502417e-008	1.295645e-008
1.288249551693122e+002	8.502396e-008	1.295644e-008
1.318256738556394e+002	8.502376e-008	1.295643e-008
1.348962882591640e+002	8.502356e-008	1.295641e-008
1.380384264602871e+002	8.502337e-008	1.295640e-008
1.412537544622740e+002	8.502320e-008	1.295639e-008
1.445439770745913e+002	8.502303e-008	1.295637e-008
1.479108388168193e+002	8.502287e-008	1.295636e-008
1.513561248436193e+002	8.502271e-008	1.295635e-008
1.548816618912466e+002	8.502256e-008	1.295634e-008
1.584893192461097e+002	8.502242e-008	1.295633e-008
1.621810097358913e+002	8.502229e-008	1.295632e-008
1.659586907437543e+002	8.502216e-008	1.295631e-008
1.698243652461727e+002	8.502204e-008	1.295630e-008
1.737800828749357e+002	8.502192e-008	1.295629e-008
1.778279410038904e+002	8.502181e-008	1.295628e-008
1.819700858609964e+002	8.502170e-008	1.295627e-008
1.862087136662848e+002	8.502160e-008	1.295626e-008
1.905460717963227e+002	8.502150e-008	1.295626e-008
1.949844599758025e+002	8.502141e-008	1.295625e-008
1.995262314968859e+002	8.502132e-008	1.295624e-008
2.041737944669508e+002	8.502123e-008	1.295623e-008
2.089296130854017e+002	8.502116e-008	1.295623e-008
2.137962089502209e+002	8.502108e-008	1.295622e-008
2.187761623949529e+002	8.502100e-008	1.295621e-008
2.238721138568316e+002	8.502093e-008	1.295620e-008
2.290867652767749e+002	8.502087e-008	1.295620e-008
2.344228815319897e+002	8.502080e-008	1.295619e-008
2.398832919019465e+002	8.502074e-008	1.295619e-008
2.454708915685004e+002	8.502068e-008	1.295618e-008
2.511886431509553e+002	8.502062e-008	1.295617e-008
2.570395782768836e+002	8.502057e-008	1.295617e-008
2.630267991895354e+002	8.502052e-008	1.295616e-008
2.691534803926887e+002	8.502047e-008	1.295615e-008
2.754228703338137e+002	8.502042e-008	1.295615e-008
2.818382931264423e+002	8.502037e-008	1.295614e-008
2.884031503126574e+002	8.502033e-008	1.295613e-008
2.951209226666354e+002	8.502029e-008	1.295613e-008
3.019951720401983e+002	8.502025e-008	1.295612e-008
3.090295432513557e+002	8.502022e-008	1.295611e-008
3.162277660168345e+002	8.502018e-008	1.295611e-008
3.235936569296247e+002	8.502015e-008	1.295610e-008
3.311311214825875e+002	8.502011e-008	1.295609e-008
3.388441561391988e+002	8.502008e-008	1.295609e-008
3.467368504525278e+002	8.502005e-008	1.295608e-008
3.548133892335715e+002	8.502003e-008	1.295607e-008
3.630780547700973e+002	8.502000e-008	1.295606e-008
3.715352290971684e+002	8.501997e-008	1.295606e-008
3.801893963205569e+002	8.501994e-008	1.295605e-008
3.890451449942762e+002	8.501992e-008	1.295604e-008
3.981071705534927e+002	8.501990e-008	1.295603e-008
4.073802778041081e+002	8.501988e-008	1.295602e-008
4.168693834703306e+002	8.501986e-008	1.295601e-008
4.265795188015877e+002	8.501983e-008	1.295601e-008
4.365158322401609e+002	8.501981e-008	1.295600e-008
4.466835921509579e+002	8.501980e-008	1.295599e-008
4.570881896148697e+002	8.501978e-008	1.295598e-008
4.677351412871927e+002	8.501976e-008	1.295597e-008
4.786300923226327e+002	8.501974e-008	1.295595e-008
4.897788193684405e+002	8.501973e-008	1.295594e-008
5.011872336272664e+002	8.501971e-008	1.295593e-008
5.128613839913588e+002	8.501970e-008	1.295592e-008
5.248074602497665e+002	8.501969e-008	1.295591e-008
5.370317963702464e+002	8.501967e-008	1.295589e-008
5.495408738576181e+002	8.501966e-008	1.295588e-008
5.623413251903425e+002	8.501965e-008	1.295586e-008
5.754399373371501e+002	8.501964e-008	1.295585e-008
5.888436553555820e+002	8.501962e-008	1.295583e-008
6.025595860743506e+002	8.501961e-008	1.295582e-008
6.165950018614748e+002	8.501960e-008	1.295580e-008
6.309573444801856e+002	8.501959e-008	1.295578e-008
6.456542290346476e+002	8.501958e-008	1.295576e-008
6.606934480075879e+002	8.501957e-008	1.295574e-008
6.760829753919735e+002	8.501956e-008	1.295572e-008
6.918309709189280e+002	8.501955e-008	1.295570e-008
7.079457843841292e+002	8.501954e-008	1.295568e-008
7.244359600749812e+002	8.501954e-008	1.295566e-008
7.413102413009084e+002	8.501953e-008	1.295563e-008
7.585775750291745e+002	8.501951e-008	1.295561e-008
7.762471166286822e+002	8.501951e-008	1.295558e-008
7.943282347242717e+002	8.501950e-008	1.295555e-008
8.128305161640892e+002	8.501949e-008	1.295552e-008
8.317637711026607e+002	8.501949e-008	1.295549e-008
8.511380382023659e+002	8.501948e-008	1.295546e-008
8.709635899560698e+002	8.501947e-008	1.295543e-008
8.912509381337344e+002	8.501947e-008	1.295539e-008
9.120108393558983e+002	8.501946e-008	1.295536e-008
9.332543007969792e+002	8.501944e-008	1.295532e-008
9.549925860214238e+002	8.501944e-008	1.295528e-008
9.772372209557982e+002	8.501943e-008	1.295524e-008
9.999999999999872e+002	8.501942e-008	1.295519e-008
1.023292992280741e+003	8.501942e-008	1.295515e-008
1.047128548050886e+003	8.501941e-008	1.295510e-008
1.071519305237592e+003	8.501940e-008	1.295505e-008
1.096478196143171e+003	8.501939e-008	1.295499e-008
1.122018454301949e+003	8.501939e-008	1.295494e-008
1.148153621496868e+003	8.501938e-008	1.295488e-008
1.174897554939514e+003	8.501937e-008	1.295482e-008
1.202264434617397e+003	8.501936e-008	1.295476e-008
1.230268770812365e+003	8.501935e-008	1.295469e-008
1.258925411794151e+003	8.501934e-008	1.295462e-008
1.288249551693117e+003	8.501934e-008	1.295455e-008
1.318256738556389e+003	8.501933e-008	1.295447e-008
1.348962882591635e+003	8.501932e-008	1.295440e-008
1.380384264602866e+003	8.501931e-008	1.295431e-008
1.412537544622735e+003	8.501929e-008	1.295423e-008
1.445439770745908e+003	8.501929e-008	1.295413e-008
1.479108388168187e+003	8.501928e-008	1.295404e-008
1.513561248436188e+003	8.501927e-008	1.295394e-008
1.548816618912460e+003	8.501925e-008	1.295384e-008
1.584893192461092e+003	8.501924e-008	1.295373e-008
1.621810097358908e+003	8.501923e-008	1.295361e-008
1.659586907437538e+003	8.501922e-008	1.295349e-008
1.698243652461721e+003	8.501921e-008	1.295337e-008
1.737800828749352e+003	8.501920e-008	1.295323e-008
1.778279410038899e+003	8.501918e-008	1.295310e-008
1.819700858609959e+003	8.501917e-008	1.295295e-008
1.862087136662842e+003	8.501915e-008	1.295280e-008
1.905460717963221e+003	8.501913e-008	1.295264e-008
1.949844599758018e+003	8.501912e-008	1.295248e-008
1.995262314968852e+003	8.501910e-008	1.295230e-008
2.041737944669501e+003	8.501908e-008	1.295212e-008
2.089296130854011e+003	8.501906e-008	1.295193e-008
2.137962089502203e+003	8.501904e-008	1.295173e-008
2.187761623949522e+003	8.501902e-008	1.295153e-008
2.238721138568309e+003	8.501900e-008	1.295131e-008
2.290867652767741e+003	8.501897e-008	1.295108e-008
2.344228815319890e+003	8.501895e-008	1.295084e-008
2.398832919019457e+003	8.501893e-008	1.295059e-008
2.454708915684996e+003	8.501890e-008	1.295033e-008
2.511886431509545e+003	8.501888e-008	1.295005e-008
2.570395782768828e+003	8.501885e-008	1.294977e-008
2.630267991895345e+003	8.501882e-008	1.294946e-008
2.691534803926878e+003	8.501879e-008	1.294915e-008
2.754228703338128e+003	8.501875e-008	1.294882e-008
2.818382931264414e+003	8.501872e-008	1.294847e-008
2.884031503126565e+003	8.501868e-008	1.294811e-008
2.951209226666344e+003	8.501865e-008	1.294773e-008
3.019951720401973e+003	8.501861e-008	1.294734e-008
3.090295432513546e+003	8.501857e-008	1.294692e-008
3.162277660168334e+003	8.501853e-008	1.294649e-008
3.235936569296236e+003	8.501848e-008	1.294603e-008
3.311311214825863e+003	8.501843e-008	1.294556e-008
3.388441561391976e+003	8.501839e-008	1.294506e-008
3.467368504525266e+003	8.501833e-008	1.294454e-008
3.548133892335703e+003	8.501828e-008	1.294399e-008
3.630780547700960e+003	8.501822e-008	1.294342e-008
3.715352290971671e+003	8.501816e-008	1.294282e-008
3.801893963205556e+003	8.501810e-008	1.294219e-008
3.890451449942748e+003	8.501803e-008	1.294153e-008
3.981071705534913e+003	8.501797e-008	1.294085e-008
4.073802778041067e+003	8.501789e-008	1.294013e-008
4.168693834703292e+003	8.501782e-008	1.293937e-008
4.265795188015863e+003	8.501774e-008	1.293858e-008
4.365158322401594e+003	8.501765e-008	1.293776e-008
4.466835921509563e+003	8.501757e-008	1.293689e-008
4.570881896148680e+003	8.501748e-008	1.293599e-008
4.677351412871911e+003	8.501738e-008	1.293504e-008
4.786300923226310e+003	8.501728e-008	1.293405e-008
4.897788193684387e+003	8.501717e-008	1.293301e-008
5.011872336272646e+003	8.501706e-008	1.293192e-008
5.128613839913570e+003	8.501694e-008	1.293078e-008
5.248074602497645e+003	8.501682e-008	1.292959e-008
5.370317963702444e+003	8.501669e-008	1.292835e-008
5.495408738576160e+003	8.501656e-008	1.292704e-008
5.623413251903404e+003	8.501642e-008	1.292567e-008
5.754399373371480e+003	8.501627e-008	1.292424e-008
5.888436553555798e+003	8.501612e-008	1.292275e-008
6.025595860743483e+003	8.501596e-008	1.292118e-008
6.165950018614725e+003	8.501578e-008	1.291954e-008
6.309573444801834e+003	8.501561e-008	1.291782e-008
6.456542290346454e+003	8.501542e-008	1.291603e-008
6.606934480075856e+003	8.501523e-008	1.291415e-008
6.760829753919711e+003	8.501502e-008	1.291218e-008
6.918309709189256e+003	8.501480e-008	1.291012e-008
7.079457843841267e+003	8.501458e-008	1.290797e-008
7.244359600749786e+003	8.501434e-008	1.290571e-008
7.413102413009058e+003	8.501409e-008	1.290335e-008
7.585775750291718e+003	8.501384e-008	1.290089e-008
7.762471166286794e+003	8.501356e-008	1.289830e-008
7.943282347242689e+003	8.501328e-008	1.289560e-008
8.128305161640863e+003	8.501298e-008	1.289277e-008
8.317637711026577e+003	8.501267e-008	1.288981e-008
8.511380382023628e+003	8.501233e-008	1.288672e-008
8.709635899560666e+003	8.501199e-008	1.288348e-008
8.912509381337311e+003	8.501163e-008	1.288009e-008
9.120108393558950e+003	8.501124e-008	1.287655e-008
9.332543007969760e+003	8.501085e-008	1.287285e-008
9.549925860214205e+003	8.501043e-008	1.286897e-008
9.772372209557949e+003	8.500999e-008	1.286492e-008
9.999999999999838e+003	8.500954e-008	1.286068e-008
1.023292992280738e+004	8.500906e-008	1.285624e-008
1.047128548050883e+004	8.500855e-008	1.285160e-008
1.071519305237589e+004	8.500803e-008	1.284676e-008
1.096478196143167e+004	8.500747e-008	1.284169e-008
1.122018454301945e+004	8.500690e-008	1.283639e-008
1.148153621496864e+004	8.500628e-008	1.283085e-008
1.174897554939510e+004	8.500565e-008	1.282505e-008
1.202264434617393e+004	8.500498e-008	1.281900e-008
1.230268770812361e+004	8.500429e-008	1.281267e-008
1.258925411794147e+004	8.500356e-008	1.280606e-008
1.288249551693113e+004	8.500279e-008	1.279915e-008
1.318256738556385e+004	8.500199e-008	1.279193e-008
1.348962882591631e+004	8.500115e-008	1.278438e-008
1.380384264602862e+004	8.500027e-008	1.277650e-008
1.412537544622731e+004	8.499935e-008	1.276827e-008
1.445439770745904e+004	8.499838e-008	1.275967e-008
1.479108388168183e+004	8.499737e-008	1.275069e-008
1.513561248436183e+004	8.499632e-008	1.274131e-008
1.548816618912456e+004	8.499521e-008	1.273152e-008
1.584893192461087e+004	8.499405e-008	1.272130e-008
1.621810097358903e+004	8.499283e-008	1.271063e-008
1.659586907437533e+004	8.499156e-008	1.269949e-008
1.698243652461716e+004	8.499023e-008	1.268787e-008
1.737800828749346e+004	8.498884e-008	1.267575e-008
1.778279410038893e+004	8.498738e-008	1.266311e-008
1.819700858609953e+004	8.498586e-008	1.264992e-008
1.862087136662836e+004	8.498426e-008	1.263616e-008
1.905460717963215e+004	8.498259e-008	1.262182e-008
1.949844599758012e+004	8.498084e-008	1.260687e-008
1.995262314968846e+004	8.497901e-008	1.259129e-008
2.041737944669495e+004	8.497710e-008	1.257506e-008
2.089296130854004e+004	8.497509e-008	1.255815e-008
2.137962089502196e+004	8.497300e-008	1.254053e-008
2.187761623949515e+004	8.497081e-008	1.252219e-008
2.238721138568302e+004	8.496852e-008	1.250310e-008
2.290867652767734e+004	8.496612e-008	1.248323e-008
2.344228815319882e+004	8.496362e-008	1.246255e-008
2.398832919019449e+004	8.496099e-008	1.244104e-008
2.454708915684988e+004	8.495825e-008	1.241867e-008
2.511886431509537e+004	8.495539e-008	1.239542e-008
2.570395782768820e+004	8.495240e-008	1.237125e-008
2.630267991895336e+004	8.494926e-008	1.234614e-008
2.691534803926869e+004	8.494600e-008	1.232007e-008
2.754228703338119e+004	8.494258e-008	1.229299e-008
2.818382931264405e+004	8.493900e-008	1.226489e-008
2.884031503126556e+004	8.493527e-008	1.223574e-008
2.951209226666335e+004	8.493137e-008	1.220550e-008
3.019951720401964e+004	8.492730e-008	1.217415e-008
3.090295432513537e+004	8.492304e-008	1.214167e-008
3.162277660168324e+004	8.491860e-008	1.210802e-008
3.235936569296226e+004	8.491396e-008	1.207318e-008
3.311311214825853e+004	8.490912e-008	1.203712e-008
3.388441561391966e+004	8.490407e-008	1.199982e-008
3.467368504525255e+004	8.489879e-008	1.196126e-008
3.548133892335692e+004	8.489328e-008	1.192141e-008
3.630780547700949e+004	8.488754e-008	1.188024e-008
3.715352290971659e+004	8.488154e-008	1.183774e-008
3.801893963205544e+004	8.487529e-008	1.179389e-008
3.890451449942737e+004	8.486877e-008	1.174867e-008
3.981071705534901e+004	8.486197e-008	1.170207e-008
4.073802778041054e+004	8.485488e-008	1.165407e-008
4.168693834703279e+004	8.484750e-008	1.160465e-008
4.265795188015849e+004	8.483980e-008	1.155382e-008
4.365158322401581e+004	8.483178e-008	1.150155e-008
4.466835921509550e+004	8.482343e-008	1.144785e-008
4.570881896148667e+004	8.481474e-008	1.139272e-008
4.677351412871897e+004	8.480568e-008	1.133615e-008
4.786300923226296e+004	8.479626e-008	1.127815e-008
4.897788193684373e+004	8.478645e-008	1.121872e-008
5.011872336272631e+004	8.477625e-008	1.115787e-008
5.128613839913555e+004	8.476565e-008	1.109563e-008
5.248074602497630e+004	8.475462e-008	1.103199e-008
5.370317963702428e+004	8.474316e-008	1.096699e-008
5.495408738576144e+004	8.473125e-008	1.090064e-008
5.623413251903386e+004	8.471889e-008	1.083297e-008
5.754399373371462e+004	8.470605e-008	1.076401e-008
5.888436553555779e+004	8.469273e-008	1.069380e-008
6.025595860743464e+004	8.467891e-008	1.062238e-008
6.165950018614706e+004	8.466457e-008	1.054977e-008
6.309573444801814e+004	8.464971e-008	1.047604e-008
6.456542290346434e+004	8.463432e-008	1.040122e-008
6.606934480075835e+004	8.461836e-008	1.032536e-008
6.760829753919689e+004	8.460186e-008	1.024853e-008
6.918309709189233e+004	8.458477e-008	1.017078e-008
7.079457843841244e+004	8.456710e-008	1.009216e-008
7.244359600749762e+004	8.454883e-008	1.001275e-008
7.413102413009033e+004	8.452995e-008	9.932609e-009
7.585775750291692e+004	8.451045e-008	9.851801e-009
7.762471166286769e+004	8.449034e-008	9.770400e-009
7.943282347242662e+004	8.446958e-008	9.688478e-009
8.128305161640835e+004	8.444818e-008	9.606107e-009
8.317637711026549e+004	8.442613e-008	9.523365e-009
8.511380382023599e+004	8.440342e-008	9.440329e-009
8.709635899560637e+004	8.438006e-008	9.357073e-009
8.912509381337282e+004	8.435603e-008	9.273678e-009
9.120108393558920e+004	8.433133e-008	9.190221e-009
9.332543007969728e+004	8.430597e-008	9.106781e-009
9.549925860214172e+004	8.427994e-008	9.023436e-009
9.772372209557916e+004	8.425324e-008	8.940265e-009
9.999999999999804e+004	8.422589e-008	8.857342e-009
1.023292992280734e+005	8.419787e-008	8.774746e-009
1.047128548050879e+005	8.416921e-008	8.692550e-009
1.071519305237585e+005	8.413990e-008	8.610828e-009
1.096478196143163e+005	8.410996e-008	8.529650e-009
1.122018454301941e+005	8.407939e-008	8.449086e-009
1.148153621496860e+005	8.404822e-008	8.369203e-009
1.174897554939506e+005	8.401644e-008	8.290066e-009
1.202264434617389e+005	8.398410e-008	8.211738e-009
1.230268770812357e+005	8.395119e-008	8.134278e-009
1.258925411794142e+005	8.391773e-008	8.057742e-009
1.288249551693108e+005	8.388377e-008	7.982186e-009
1.318256738556380e+005	8.384930e-008	7.907658e-009
1.348962882591626e+005	8.381437e-008	7.834207e-009
1.380384264602857e+005	8.377899e-008	7.761878e-009
1.412537544622725e+005	8.374320e-008	7.690711e-009
1.445439770745898e+005	8.370701e-008	7.620746e-009
1.479108388168177e+005	8.367046e-008	7.552016e-009
1.513561248436177e+005	8.363359e-008	7.484553e-009
1.548816618912449e+005	8.359643e-008	7.418385e-009
1.584893192461081e+005	8.355901e-008	7.353536e-009
1.621810097358896e+005	8.352136e-008	7.290030e-009
1.659586907437526e+005	8.348351e-008	7.227885e-009
1.698243652461709e+005	8.344550e-008	7.167115e-009
1.737800828749339e+005	8.340736e-008	7.107735e-009
1.778279410038886e+005	8.336914e-008	7.049753e-009
1.819700858609946e+005	8.333087e-008	6.993177e-009
1.862087136662829e+005	8.329257e-008	6.938010e-009
1.905460717963207e+005	8.325428e-008	6.884254e-009
1.949844599758005e+005	8.321604e-008	6.831910e-009
1.995262314968838e+005	8.317787e-008	6.780973e-009
2.041737944669486e+005	8.313982e-008	6.731438e-009
2.089296130853995e+005	8.310191e-008	6.683298e-009
2.137962089502187e+005	8.306416e-008	6.636543e-009
2.187761623949506e+005	8.302661e-008	6.591163e-009
2.238721138568292e+005	8.298927e-008	6.547143e-009
2.290867652767724e+005	8.295219e-008	6.504470e-009
2.344228815319872e+005	8.291537e-008	6.463128e-009
2.398832919019439e+005	8.287884e-008	6.423099e-009
2.454708915684978e+005	8.284262e-008	6.384365e-009
2.511886431509526e+005	8.280672e-008	6.346907e-009
2.570395782768809e+005	8.277116e-008	6.310703e-009
2.630267991895325e+005	8.273595e-008	6.275733e-009
2.691534803926857e+005	8.270110e-008	6.241974e-009
2.754228703338107e+005	8.266662e-008	6.209403e-009
2.818382931264393e+005	8.263251e-008	6.177998e-009
2.884031503126543e+005	8.259877e-008	6.147735e-009
2.951209226666322e+005	8.256543e-008	6.118589e-009
3.019951720401950e+005	8.253245e-008	6.090537e-009
3.090295432513523e+005	8.249985e-008	6.063555e-009
3.162277660168310e+005	8.246762e-008	6.037618e-009
3.235936569296212e+005	8.243575e-008	6.012701e-009
3.311311214825838e+005	8.240424e-008	5.988781e-009
3.388441561391951e+005	8.237306e-008	5.965833e-009
3.467368504525240e+005	8.234222e-008	5.943834e-009
3.548133892335676e+005	8.231168e-008	5.922760e-009
3.630780547700933e+005	8.228144e-008	5.902588e-009
3.715352290971643e+005	8.225147e-008	5.883295e-009
3.801893963205527e+005	8.222175e-008	5.864859e-009
3.890451449942719e+005	8.219227e-008	5.847258e-009
3.981071705534884e+005	8.216298e-008	5.830470e-009
4.073802778041036e+005	8.213388e-008	5.814476e-009
4.168693834703261e+005	8.210493e-008	5.799254e-009
4.265795188015831e+005	8.207608e-008	5.784786e-009
4.365158322401562e+005	8.204734e-008	5.771053e-009
4.466835921509531e+005	8.201864e-008	5.758036e-009
4.570881896148648e+005	8.198997e-008	5.745718e-009
4.677351412871877e+005	8.196129e-008	5.734083e-009
4.786300923226276e+005	8.193255e-008	5.723114e-009
4.897788193684352e+005	8.190371e-008	5.712796e-009
5.011872336272610e+005	8.187475e-008	5.703116e-009
5.128613839913533e+005	8.184560e-008	5.694060e-009
5.248074602497608e+005	8.181624e-008	5.685615e-009
5.370317963702406e+005	8.178662e-008	5.677769e-009
5.495408738576121e+005	8.175668e-008	5.670512e-009
5.623413251903363e+005	8.172638e-008	5.663833e-009
5.754399373371438e+005	8.169569e-008	5.657724e-009
5.888436553555755e+005	8.166453e-008	5.652175e-009
6.025595860743440e+005	8.163286e-008	5.647181e-009
6.165950018614681e+005	8.160063e-008	5.642733e-009
6.309573444801788e+005	8.156778e-008	5.638829e-009
6.456542290346407e+005	8.153425e-008	5.635461e-009
6.606934480075808e+005	8.149998e-008	5.632629e-009
6.760829753919662e+005	8.146493e-008	5.630328e-009
6.918309709189205e+005	8.142901e-008	5.628557e-009
7.079457843841215e+005	8.139217e-008	5.627317e-009
7.244359600749733e+005	8.135435e-008	5.626609e-009
7.413102413009004e+005	8.131547e-008	5.626433e-009
7.585775750291662e+005	8.127547e-008	5.626793e-009
7.762471166286737e+005	8.123427e-008	5.627693e-009
7.943282347242631e+005	8.119180e-008	5.629140e-009
8.128305161640804e+005	8.114799e-008	5.631139e-009
8.317637711026516e+005	8.110276e-008	5.633699e-009
8.511380382023566e+005	8.105604e-008	5.636828e-009
8.709635899560602e+005	8.100773e-008	5.640538e-009
8.912509381337245e+005	8.095775e-008	5.644841e-009
9.120108393558882e+005	8.090603e-008	5.649751e-009
9.332543007969690e+005	8.085247e-008	5.655282e-009
9.549925860214133e+005	8.079699e-008	5.661452e-009
9.772372209557875e+005	8.073948e-008	5.668280e-009
1.000000000000000e+006	8.067987e-008	5.675785e-009
