0 0 0
10 2.133094823 -0.0009735064561
10.0696 2.133094818 -0.000980277728
10.1396 2.133094814 -0.0009870960977
10.2101 2.13309481 -0.0009939618929
10.2811 2.133094806 -0.001000875444
10.3526 2.133094802 -0.001007837082
10.4247 2.133094797 -0.001014847142
10.4972 2.133094793 -0.001021905961
10.5702 2.133094788 -0.001029013878
10.6437 2.133094784 -0.001036171234
10.7177 2.133094779 -0.001043378373
10.7923 2.133094775 -0.001050635643
10.8673 2.13309477 -0.00105794339
10.9429 2.133094765 -0.001065301967
11.0191 2.13309476 -0.001072711727
11.0957 2.133094755 -0.001080173026
11.1729 2.13309475 -0.001087686222
11.2506 2.133094745 -0.001095251676
11.3288 2.13309474 -0.001102869753
11.4076 2.133094735 -0.001110540817
11.487 2.13309473 -0.001118265238
11.5669 2.133094724 -0.001126043386
11.6473 2.133094719 -0.001133875635
11.7283 2.133094714 -0.001141762362
11.8099 2.133094708 -0.001149703946
11.8921 2.133094702 -0.001157700768
11.9748 2.133094697 -0.001165753212
12.0581 2.133094691 -0.001173861665
12.1419 2.133094685 -0.001182026516
12.2264 2.133094679 -0.001190248159
12.3114 2.133094673 -0.001198526988
12.3971 2.133094667 -0.0012068634
12.4833 2.133094661 -0.001215257797
12.5701 2.133094654 -0.001223710582
12.6576 2.133094648 -0.00123222216
12.7456 2.133094641 -0.00124079294
12.8343 2.133094635 -0.001249423336
12.9235 2.133094628 -0.00125811376
13.0134 2.133094621 -0.001266864631
13.1039 2.133094614 -0.001275676369
13.1951 2.133094607 -0.001284549398
13.2869 2.1330946 -0.001293484143
13.3793 2.133094593 -0.001302481034
13.4723 2.133094586 -0.001311540504
13.566 2.133094579 -0.001320662987
13.6604 2.133094571 -0.001329848922
13.7554 2.133094564 -0.00133909875
13.8511 2.133094556 -0.001348412915
13.9474 2.133094548 -0.001357791866
14.0444 2.13309454 -0.001367236053
14.1421 2.133094532 -0.001376745929
14.2405 2.133094524 -0.001386321951
14.3396 2.133094516 -0.00139596458
14.4393 2.133094508 -0.001405674278
14.5397 2.133094499 -0.001415451513
14.6409 2.133094491 -0.001425296753
14.7427 2.133094482 -0.001435210473
14.8452 2.133094473 -0.001445193148
14.9485 2.133094464 -0.001455245258
15.0525 2.133094455 -0.001465367286
15.1572 2.133094446 -0.001475559717
15.2626 2.133094437 -0.001485823043
15.3688 2.133094427 -0.001496157756
15.4756 2.133094418 -0.001506564353
15.5833 2.133094408 -0.001517043332
15.6917 2.133094398 -0.001527595199
15.8008 2.133094388 -0.00153822046
15.9107 2.133094378 -0.001548919626
16.0214 2.133094368 -0.001559693209
16.1328 2.133094357 -0.001570541729
16.245 2.133094347 -0.001581465706
16.358 2.133094336 -0.001592465666
16.4718 2.133094325 -0.001603542136
16.5864 2.133094314 -0.001614695649
16.7018 2.133094303 -0.001625926741
16.8179 2.133094292 -0.001637235951
16.9349 2.133094281 -0.001648623822
17.0527 2.133094269 -0.001660090903
17.1713 2.133094257 -0.001671637743
17.2907 2.133094245 -0.001683264898
17.411 2.133094233 -0.001694972926
17.5321 2.133094221 -0.001706762389
17.6541 2.133094208 -0.001718633855
17.7769 2.133094196 -0.001730587893
17.9005 2.133094183 -0.001742625078
18.025 2.13309417 -0.001754745988
18.1504 2.133094157 -0.001766951205
18.2766 2.133094143 -0.001779241316
18.4038 2.13309413 -0.001791616912
18.5318 2.133094116 -0.001804078587
18.6607 2.133094102 -0.001816626939
18.7905 2.133094088 -0.001829262572
18.9212 2.133094074 -0.001841986092
19.0528 2.133094059 -0.001854798112
19.1853 2.133094045 -0.001867699246
19.3187 2.13309403 -0.001880690114
19.4531 2.133094015 -0.001893771341
19.5884 2.133093999 -0.001906943554
19.7247 2.133093984 -0.001920207388
19.8618 2.133093968 -0.001933563478
20 2.133093952 -0.001947012468
20.1391 2.133093936 -0.001960555002
20.2792 2.133093919 -0.001974191732
20.4202 2.133093903 -0.001987923313
20.5623 2.133093886 -0.002001750404
20.7053 2.133093869 -0.00201567367
20.8493 2.133093851 -0.00202969378
20.9943 2.133093834 -0.002043811407
21.1404 2.133093816 -0.00205802723
21.2874 2.133093798 -0.002072341932
21.4355 2.133093779 -0.0020867562
21.5846 2.133093761 -0.002101270727
21.7347 2.133093742 -0.00211588621
21.8859 2.133093723 -0.002130603352
22.0381 2.133093703 -0.002145422859
22.1914 2.133093684 -0.002160345444
22.3457 2.133093664 -0.002175371824
22.5012 2.133093644 -0.00219050272
22.6577 2.133093623 -0.002205738859
22.8153 2.133093602 -0.002221080974
22.974 2.133093581 -0.002236529801
23.1338 2.13309356 -0.002252086084
23.2947 2.133093538 -0.002267750568
23.4567 2.133093516 -0.002283524008
23.6199 2.133093494 -0.00229940716
23.7841 2.133093471 -0.002315400788
23.9496 2.133093448 -0.00233150566
24.1162 2.133093425 -0.00234772255
24.2839 2.133093402 -0.002364052237
24.4528 2.133093378 -0.002380495506
24.6229 2.133093353 -0.002397053146
24.7942 2.133093329 -0.002413725954
24.9666 2.133093304 -0.00243051473
25.1403 2.133093279 -0.00244742028
25.3151 2.133093253 -0.002464443418
25.4912 2.133093227 -0.002481584961
25.6685 2.133093201 -0.002498845732
25.8471 2.133093174 -0.002516226561
26.0268 2.133093147 -0.002533728283
26.2079 2.13309312 -0.002551351738
26.3902 2.133093092 -0.002569097774
26.5737 2.133093064 -0.002586967243
26.7586 2.133093035 -0.002604961004
26.9447 2.133093006 -0.002623079921
27.1321 2.133092977 -0.002641324864
27.3208 2.133092947 -0.00265969671
27.5108 2.133092917 -0.002678196343
27.7022 2.133092886 -0.00269682465
27.8949 2.133092855 -0.002715582527
28.0889 2.133092823 -0.002734470874
28.2843 2.133092791 -0.0027534906
28.481 2.133092759 -0.002772642618
28.6791 2.133092726 -0.002791927849
28.8786 2.133092693 -0.002811347218
29.0795 2.133092659 -0.002830901659
29.2817 2.133092625 -0.002850592112
29.4854 2.13309259 -0.002870419522
29.6905 2.133092555 -0.002890384842
29.897 2.133092519 -0.002910489031
30.1049 2.133092483 -0.002930733055
30.3143 2.133092446 -0.002951117887
30.5252 2.133092409 -0.002971644507
30.7375 2.133092371 -0.002992313899
30.9513 2.133092333 -0.003013127058
31.1666 2.133092294 -0.003034084983
31.3834 2.133092255 -0.003055188682
31.6017 2.133092215 -0.003076439167
31.8215 2.133092174 -0.003097837461
32.0428 2.133092133 -0.003119384591
32.2657 2.133092092 -0.003141081592
32.4901 2.13309205 -0.003162929508
32.7161 2.133092007 -0.003184929386
32.9436 2.133091964 -0.003207082286
33.1728 2.13309192 -0.00322938927
33.4035 2.133091875 -0.003251851411
33.6359 2.13309183 -0.003274469787
33.8698 2.133091784 -0.003297245486
34.1054 2.133091738 -0.003320179602
34.3426 2.13309169 -0.003343273236
34.5815 2.133091643 -0.003366527498
34.822 2.133091594 -0.003389943505
35.0642 2.133091545 -0.003413522383
35.3081 2.133091495 -0.003437265264
35.5537 2.133091445 -0.003461173289
35.801 2.133091394 -0.003485247606
36.05 2.133091342 -0.003509489372
36.3008 2.133091289 -0.003533899753
36.5533 2.133091236 -0.00355847992
36.8075 2.133091182 -0.003583231054
37.0635 2.133091127 -0.003608154345
37.3213 2.133091071 -0.00363325099
37.5809 2.133091015 -0.003658522195
37.8423 2.133090957 -0.003683969174
38.1055 2.133090899 -0.00370959315
38.3706 2.133090841 -0.003735395353
38.6375 2.133090781 -0.003761377023
38.9062 2.13309072 -0.00378753941
39.1768 2.133090659 -0.003813883768
39.4493 2.133090597 -0.003840411365
39.7237 2.133090534 -0.003867123475
40 2.13309047 -0.00389402138
40.2782 2.133090405 -0.003921106374
40.5584 2.133090339 -0.003948379758
40.8405 2.133090273 -0.003975842841
41.1246 2.133090205 -0.004003496944
41.4106 2.133090137 -0.004031343395
41.6986 2.133090067 -0.004059383532
41.9887 2.133089997 -0.004087618702
42.2807 2.133089925 -0.004116050262
42.5748 2.133089853 -0.004144679576
42.8709 2.13308978 -0.004173508022
43.1691 2.133089705 -0.004202536984
43.4694 2.13308963 -0.004231767857
43.7717 2.133089553 -0.004261202045
44.0762 2.133089476 -0.004290840961
44.3828 2.133089397 -0.004320686031
44.6915 2.133089317 -0.004350738688
45.0023 2.133089236 -0.004381000376
45.3154 2.133089154 -0.004411472549
45.6305 2.133089071 -0.00444215667
45.9479 2.133088987 -0.004473054214
46.2675 2.133088901 -0.004504166665
46.5893 2.133088814 -0.004535495519
46.9134 2.133088726 -0.00456704228
47.2397 2.133088637 -0.004598808464
47.5683 2.133088547 -0.004630795596
47.8991 2.133088455 -0.004663005215
48.2323 2.133088362 -0.004695438866
48.5678 2.133088268 -0.00472809811
48.9056 2.133088173 -0.004760984514
49.2458 2.133088076 -0.004794099658
49.5883 2.133087977 -0.004827445134
49.9332 2.133087878 -0.004861022543
50.2805 2.133087777 -0.004894833499
50.6303 2.133087674 -0.004928879626
50.9824 2.133087571 -0.00496316256
51.337 2.133087465 -0.004997683948
51.6941 2.133087359 -0.005032445447
52.0537 2.13308725 -0.00506744873
52.4157 2.133087141 -0.005102695476
52.7803 2.133087029 -0.00513818738
53.1474 2.133086916 -0.005173926147
53.5171 2.133086802 -0.005209913493
53.8893 2.133086686 -0.005246151147
54.2642 2.133086568 -0.005282640851
54.6416 2.133086449 -0.005319384358
55.0217 2.133086328 -0.005356383432
55.4044 2.133086206 -0.005393639852
55.7897 2.133086081 -0.005431155406
56.1778 2.133085955 -0.005468931899
56.5685 2.133085827 -0.005506971144
56.962 2.133085698 -0.005545274969
57.3582 2.133085566 -0.005583845214
57.7572 2.133085433 -0.005622683733
58.1589 2.133085298 -0.00566179239
58.5634 2.133085161 -0.005701173066
58.9708 2.133085022 -0.005740827651
59.3809 2.133084881 -0.005780758052
59.794 2.133084738 -0.005820966186
60.2099 2.133084593 -0.005861453985
60.6287 2.133084447 -0.005902223394
61.0504 2.133084298 -0.005943276372
61.475 2.133084147 -0.005984614892
61.9026 2.133083994 -0.006026240938
62.3332 2.133083838 -0.006068156512
62.7667 2.133083681 -0.006110363626
63.2033 2.133083521 -0.006152864309
63.6429 2.13308336 -0.006195660601
64.0856 2.133083196 -0.006238754561
64.5313 2.133083029 -0.006282148256
64.9802 2.133082861 -0.006325843773
65.4322 2.133082689 -0.00636984321
65.8873 2.133082516 -0.006414148682
66.3456 2.13308234 -0.006458762316
66.807 2.133082162 -0.006503686257
67.2717 2.133081981 -0.006548922662
67.7396 2.133081798 -0.006594473704
68.2108 2.133081612 -0.006640341573
68.6852 2.133081424 -0.00668652847
69.163 2.133081232 -0.006733036616
69.644 2.133081039 -0.006779868245
70.1285 2.133080842 -0.006827025606
70.6162 2.133080643 -0.006874510966
71.1074 2.133080441 -0.006922326604
71.602 2.133080236 -0.006970474819
72.1 2.133080029 -0.007018957923
72.6015 2.133079818 -0.007067778246
73.1065 2.133079604 -0.007116938133
73.615 2.133079388 -0.007166439946
74.127 2.133079168 -0.007216286062
74.6426 2.133078946 -0.007266478877
75.1618 2.13307872 -0.007317020802
75.6846 2.133078491 -0.007367914264
76.211 2.133078259 -0.007419161709
76.7411 2.133078024 -0.007470765599
77.2749 2.133077786 -0.007522728412
77.8124 2.133077544 -0.007575052646
78.3536 2.133077298 -0.007627740813
78.8986 2.13307705 -0.007680795446
79.4474 2.133076798 -0.007734219091
80 2.133076542 -0.007788014317
80.5564 2.133076283 -0.007842183708
81.1168 2.13307602 -0.007896729865
81.681 2.133075753 -0.007951655409
82.2491 2.133075483 -0.008006962979
82.8212 2.133075209 -0.008062655231
83.3973 2.133074931 -0.008118734842
83.9773 2.133074649 -0.008175204504
84.5614 2.133074364 -0.008232066932
85.1496 2.133074074 -0.008289324856
85.7419 2.13307378 -0.008346981027
86.3383 2.133073483 -0.008405038215
86.9388 2.133073181 -0.008463499209
87.5435 2.133072875 -0.008522366817
88.1524 2.133072564 -0.008581643868
88.7656 2.133072249 -0.008641333208
89.383 2.13307193 -0.008701437706
90.0047 2.133071607 -0.008761960248
90.6307 2.133071278 -0.008822903741
91.2611 2.133070946 -0.008884271115
91.8959 2.133070608 -0.008946065316
92.5351 2.133070266 -0.009008289313
93.1787 2.13306992 -0.009070946095
93.8268 2.133069568 -0.009134038673
94.4794 2.133069211 -0.009197570076
95.1366 2.13306885 -0.009261543357
95.7983 2.133068483 -0.009325961589
96.4646 2.133068111 -0.009390827866
97.1356 2.133067734 -0.009456145305
97.8112 2.133067352 -0.009521917043
98.4916 2.133066965 -0.009588146239
99.1766 2.133066572 -0.009654836075
99.8664 2.133066173 -0.009721989755
100.561 2.133065769 -0.009789610505
101.261 2.13306536 -0.009857701572
101.965 2.133064944 -0.009926266227
102.674 2.133064523 -0.009995307765
103.388 2.133064096 -0.0100648295
104.107 2.133063663 -0.01013483478
104.831 2.133063224 -0.01020532695
105.561 2.133062779 -0.01027630942
106.295 2.133062328 -0.01034778558
107.034 2.13306187 -0.01041975887
107.779 2.133061406 -0.01049223274
108.528 2.133060936 -0.01056521069
109.283 2.133060458 -0.01063869621
110.043 2.133059975 -0.01071269284
110.809 2.133059484 -0.01078720412
111.579 2.133058987 -0.01086223364
112.356 2.133058483 -0.010937785
113.137 2.133057971 -0.01101386184
113.924 2.133057453 -0.0110904678
114.716 2.133056927 -0.01116760656
115.514 2.133056394 -0.01124528184
116.318 2.133055854 -0.01132349735
117.127 2.133055306 -0.01140225687
117.942 2.13305475 -0.01148156416
118.762 2.133054186 -0.01156142305
119.588 2.133053615 -0.01164183736
120.42 2.133053036 -0.01172281096
121.257 2.133052448 -0.01180434774
122.101 2.133051853 -0.01188645162
122.95 2.133051249 -0.01196912653
123.805 2.133050637 -0.01205237646
124.666 2.133050016 -0.01213620539
125.533 2.133049386 -0.01222061736
126.407 2.133048748 -0.01230561641
127.286 2.133048101 -0.01239120664
128.171 2.133047445 -0.01247739215
129.063 2.133046779 -0.01256417708
129.96 2.133046104 -0.01265156561
130.864 2.13304542 -0.01273956192
131.775 2.133044727 -0.01282817025
132.691 2.133044023 -0.01291739485
133.614 2.13304331 -0.01300724
134.543 2.133042587 -0.01309771003
135.479 2.133041854 -0.01318880927
136.422 2.13304111 -0.0132805421
137.37 2.133040356 -0.01337291293
138.326 2.133039592 -0.0134659262
139.288 2.133038817 -0.01355958637
140.257 2.133038031 -0.01365389794
141.232 2.133037234 -0.01374886543
142.215 2.133036426 -0.01384449342
143.204 2.133035607 -0.01394078649
144.2 2.133034777 -0.01403774928
145.203 2.133033934 -0.01413538642
146.213 2.13303308 -0.01423370262
147.23 2.133032214 -0.0143327026
148.254 2.133031336 -0.01443239111
149.285 2.133030446 -0.01453277293
150.324 2.133029543 -0.0146338529
151.369 2.133028628 -0.01473563586
152.422 2.1330277 -0.0148381267
153.482 2.133026759 -0.01494133035
154.55 2.133025805 -0.01504525175
155.625 2.133024837 -0.01514989591
156.707 2.133023856 -0.01525526785
157.797 2.133022862 -0.01536137262
158.895 2.133021853 -0.01546821532
160 2.13302083 -0.01557580109
161.113 2.133019793 -0.01568413509
162.234 2.133018742 -0.01579322252
163.362 2.133017676 -0.01590306863
164.498 2.133016595 -0.01601367868
165.642 2.133015499 -0.01612505799
166.795 2.133014388 -0.0162372119
167.955 2.133013261 -0.01635014581
169.123 2.133012118 -0.01646386514
170.299 2.13301096 -0.01657837534
171.484 2.133009785 -0.01669368192
172.677 2.133008594 -0.01680979041
173.878 2.133007386 -0.01692670639
175.087 2.133006162 -0.01704443547
176.305 2.13300492 -0.0171629833
177.531 2.133003661 -0.01728235559
178.766 2.133002384 -0.01740255805
180.009 2.13300109 -0.01752359647
181.261 2.132999777 -0.01764547664
182.522 2.132998446 -0.01776820444
183.792 2.132997097 -0.01789178574
185.07 2.132995729 -0.01801622649
186.357 2.132994342 -0.01814153266
187.654 2.132992935 -0.01826771026
188.959 2.132991509 -0.01839476535
190.273 2.132990062 -0.01852270404
191.597 2.132988596 -0.01865153246
192.929 2.132987109 -0.01878125681
194.271 2.132985601 -0.0189118833
195.622 2.132984073 -0.01904341822
196.983 2.132982523 -0.01917586787
198.353 2.132980951 -0.01930923862
199.733 2.132979357 -0.01944353688
201.122 2.132977742 -0.01957876907
202.521 2.132976103 -0.01971494171
203.93 2.132974442 -0.01985206133
205.348 2.132972757 -0.0199901345
206.776 2.13297105 -0.02012916787
208.215 2.132969318 -0.0202691681
209.663 2.132967562 -0.02041014192
211.121 2.132965781 -0.02055209608
212.59 2.132963976 -0.02069503742
214.068 2.132962145 -0.02083897278
215.557 2.132960289 -0.02098390909
217.057 2.132958407 -0.02112985329
218.566 2.132956499 -0.0212768124
220.087 2.132954564 -0.02142479346
221.618 2.132952602 -0.02157380358
223.159 2.132950613 -0.02172384992
224.711 2.132948596 -0.02187493968
226.274 2.13294655 -0.0220270801
227.848 2.132944477 -0.0221802785
229.433 2.132942374 -0.02233454222
231.029 2.132940242 -0.02248987867
232.636 2.13293808 -0.02264629531
234.254 2.132935888 -0.02280379965
235.883 2.132933665 -0.02296239923
237.524 2.132931412 -0.02312210169
239.176 2.132929127 -0.02328291467
240.839 2.13292681 -0.0234448459
242.515 2.13292446 -0.02360790316
244.201 2.132922078 -0.02377209426
245.9 2.132919663 -0.02393742709
247.61 2.132917214 -0.02410390958
249.333 2.13291473 -0.02427154973
251.067 2.132912212 -0.02444035557
252.813 2.132909659 -0.02461033521
254.572 2.132907071 -0.02478149681
256.342 2.132904446 -0.02495384857
258.125 2.132901784 -0.02512739878
259.921 2.132899086 -0.02530215575
261.729 2.132896349 -0.02547812788
263.549 2.132893575 -0.02565532361
265.382 2.132890762 -0.02583375144
267.228 2.132887909 -0.02601341993
269.087 2.132885017 -0.02619433771
270.958 2.132882084 -0.02637651345
272.843 2.13287911 -0.0265599559
274.741 2.132876095 -0.02674467386
276.652 2.132873038 -0.02693067618
278.576 2.132869938 -0.02711797181
280.514 2.132866795 -0.02730656971
282.465 2.132863608 -0.02749647894
284.43 2.132860376 -0.02768770861
286.408 2.1328571 -0.0278802679
288.4 2.132853777 -0.02807416604
290.406 2.132850409 -0.02826941234
292.426 2.132846993 -0.02846601615
294.46 2.132843529 -0.02866398692
296.508 2.132840018 -0.02886333413
298.571 2.132836457 -0.02906406736
300.647 2.132832846 -0.02926619623
302.738 2.132829186 -0.02946973043
304.844 2.132825474 -0.02967467973
306.965 2.13282171 -0.02988105395
309.1 2.132817893 -0.03008886301
311.25 2.132814024 -0.03029811686
313.414 2.1328101 -0.03050882553
315.594 2.132806122 -0.03072099915
317.79 2.132802088 -0.03093464787
320 2.132797998 -0.03114978195
322.226 2.13279385 -0.0313664117
324.467 2.132789645 -0.03158454752
326.724 2.132785381 -0.03180419986
328.996 2.132781058 -0.03202537926
331.285 2.132776674 -0.03224809631
333.589 2.132772229 -0.03247236171
335.909 2.132767722 -0.0326981862
338.246 2.132763152 -0.03292558061
340.598 2.132758519 -0.03315455585
342.968 2.13275382 -0.03338512289
345.353 2.132749056 -0.03361729278
347.755 2.132744226 -0.03385107667
350.174 2.132739328 -0.03408648574
352.61 2.132734362 -0.0343235313
355.062 2.132729327 -0.0345622247
357.532 2.132724221 -0.03480257739
360.019 2.132719044 -0.03504460088
362.523 2.132713794 -0.03528830678
365.044 2.132708472 -0.03553370676
367.583 2.132703075 -0.0357808126
370.14 2.132697603 -0.03602963613
372.715 2.132692054 -0.03628018927
375.307 2.132686428 -0.03653248405
377.918 2.132680724 -0.03678653253
380.546 2.13267494 -0.03704234691
383.193 2.132669075 -0.03729993944
385.859 2.132663128 -0.03755932247
388.542 2.132657098 -0.03782050841
391.245 2.132650984 -0.03808350979
393.966 2.132644785 -0.0383483392
396.706 2.132638499 -0.03861500934
399.466 2.132632126 -0.03888353298
402.244 2.132625664 -0.03915392298
405.042 2.132619111 -0.0394261923
407.859 2.132612467 -0.03970035398
410.696 2.13260573 -0.03997642116
413.553 2.132598899 -0.04025440704
416.429 2.132591973 -0.04053432496
419.326 2.13258495 -0.04081618831
422.243 2.13257783 -0.0411000106
425.179 2.132570609 -0.04138580542
428.137 2.132563289 -0.04167358645
431.115 2.132555865 -0.04196336747
434.113 2.132548339 -0.04225516237
437.133 2.132540707 -0.0425489851
440.173 2.132532969 -0.04284484975
443.235 2.132525122 -0.04314277047
446.318 2.132517167 -0.04344276152
449.422 2.1325091 -0.04374483728
452.548 2.13250092 -0.0440490122
455.696 2.132492627 -0.04435530083
458.866 2.132484217 -0.04466371784
462.057 2.132475691 -0.044974278
465.271 2.132467045 -0.04528699615
468.507 2.132458279 -0.04560188728
471.766 2.13244939 -0.04591896644
475.048 2.132440378 -0.04623824882
478.352 2.132431239 -0.04655974969
481.679 2.132421973 -0.04688348442
485.029 2.132412578 -0.04720946852
488.403 2.132403051 -0.04753771757
491.8 2.132393392 -0.04786824728
495.221 2.132383598 -0.04820107345
498.665 2.132373667 -0.04853621202
502.134 2.132363597 -0.048873679
505.626 2.132353388 -0.04921349054
509.143 2.132343035 -0.04955566288
512.685 2.132332538 -0.0499002124
516.251 2.132321895 -0.05024715556
519.842 2.132311103 -0.05059650896
523.457 2.13230016 -0.05094828929
527.098 2.132289065 -0.05130251338
530.765 2.132277815 -0.05165919815
534.456 2.132266408 -0.05201836066
538.174 2.132254842 -0.05238001807
541.917 2.132243114 -0.05274418768
545.686 2.132231223 -0.05311088687
549.482 2.132219166 -0.05348013318
553.304 2.13220694 -0.05385194425
557.152 2.132194544 -0.05422633784
561.028 2.132181975 -0.05460333184
564.93 2.132169231 -0.05498294426
568.859 2.132156309 -0.05536519323
572.816 2.132143206 -0.05575009701
576.8 2.132129921 -0.05613767398
580.812 2.13211645 -0.05652794266
584.852 2.132102791 -0.05692092167
588.92 2.132088942 -0.05731662979
593.016 2.132074899 -0.0577150859
597.141 2.132060661 -0.05811630902
601.295 2.132046224 -0.05852031832
605.477 2.132031585 -0.05892713306
609.688 2.132016742 -0.05933677268
613.929 2.132001692 -0.05974925671
618.199 2.131986432 -0.06016460484
622.499 2.131970959 -0.06058283688
626.829 2.131955271 -0.06100397279
631.189 2.131939363 -0.06142803267
635.579 2.131923233 -0.06185503672
640 2.131906879 -0.06228500533
644.452 2.131890296 -0.062717959
648.934 2.131873482 -0.06315391836
653.448 2.131856433 -0.06359290422
657.993 2.131839146 -0.06403493748
662.57 2.131821618 -0.06448003923
667.178 2.131803846 -0.06492823069
671.819 2.131785825 -0.0653795332
676.492 2.131767554 -0.06583396828
681.197 2.131749027 -0.06629155757
685.935 2.131730242 -0.06675232289
690.706 2.131711194 -0.06721628617
695.51 2.131691881 -0.06768346952
700.348 2.131672299 -0.06815389518
705.219 2.131652443 -0.06862758556
710.124 2.131632311 -0.06910456321
715.064 2.131611897 -0.06958485083
720.037 2.131591199 -0.07006847129
725.046 2.131570212 -0.07055544761
730.089 2.131548932 -0.07104580296
735.167 2.131527356 -0.07153956067
740.28 2.131505478 -0.07203674423
745.429 2.131483295 -0.07253737729
750.614 2.131460803 -0.07304148367
755.835 2.131437997 -0.07354908733
761.093 2.131414873 -0.07406021241
766.386 2.131391426 -0.07457488321
771.717 2.131367652 -0.0750931242
777.085 2.131343547 -0.07561496
782.49 2.131319105 -0.07614041541
787.932 2.131294322 -0.0766695154
793.413 2.131269194 -0.0772022851
798.932 2.131243715 -0.07773874983
804.489 2.131217881 -0.07827893504
810.084 2.131191686 -0.0788228664
815.719 2.131165127 -0.07937056972
821.393 2.131138196 -0.07992207101
827.106 2.13111089 -0.08047739643
832.859 2.131083203 -0.08103657234
838.652 2.131055131 -0.08159962526
844.485 2.131026666 -0.08216658191
850.359 2.130997804 -0.08273746916
856.274 2.13096854 -0.08331231409
862.229 2.130938868 -0.08389114395
868.227 2.130908782 -0.08447398617
874.266 2.130878277 -0.08506086839
880.347 2.130847346 -0.08565181839
886.47 2.130815983 -0.08624686417
892.636 2.130784184 -0.08684603393
898.845 2.13075194 -0.08744935602
905.097 2.130719247 -0.08805685902
911.392 2.130686099 -0.08866857167
917.731 2.130652488 -0.08928452292
924.115 2.130618408 -0.08990474192
930.542 2.130583853 -0.090529258
937.015 2.130548816 -0.0911581007
943.532 2.130513291 -0.09179129975
950.095 2.13047727 -0.09242888508
956.704 2.130440747 -0.09307088682
963.358 2.130403715 -0.09371733531
970.059 2.130366166 -0.09436826108
976.806 2.130328094 -0.09502369487
983.6 2.130289491 -0.09568366764
990.442 2.13025035 -0.09634821052
997.331 2.130210663 -0.09701735489
1004.27 2.130170422 -0.09769113231
1011.25 2.130129621 -0.09836957456
1018.29 2.130088251 -0.09905271364
1025.37 2.130046304 -0.09974058175
1032.5 2.130003772 -0.1004332113
1039.68 2.129960648 -0.1011306349
1046.91 2.129916922 -0.1018328855
1054.2 2.129872587 -0.1025399961
1061.53 2.129827633 -0.103252
1068.91 2.129782053 -0.1039689307
1076.35 2.129735838 -0.1046908219
1083.83 2.129688978 -0.1054177076
1091.37 2.129641465 -0.106149622
1098.96 2.12959329 -0.1068865994
1106.61 2.129544444 -0.1076286746
1114.3 2.129494916 -0.1083758824
1122.06 2.129444699 -0.1091282578
1129.86 2.129393781 -0.1098858362
1137.72 2.129342154 -0.1106486531
1145.63 2.129289807 -0.1114167444
1153.6 2.129236731 -0.1121901461
1161.62 2.129182915 -0.1129688943
1169.7 2.129128349 -0.1137530257
1177.84 2.129073022 -0.114542577
1186.03 2.129016925 -0.1153375851
1194.28 2.128960046 -0.1161380873
1202.59 2.128902374 -0.116944121
1210.95 2.128843899 -0.117755724
1219.38 2.128784609 -0.1185729341
1227.86 2.128724492 -0.1193957897
1236.4 2.128663538 -0.1202243292
1245 2.128601735 -0.1210585912
1253.66 2.128539071 -0.1218986147
1262.38 2.128475534 -0.122744439
1271.16 2.128411112 -0.1235961035
1280 2.128345792 -0.1244536479
1288.9 2.128279562 -0.1253171122
1297.87 2.128212409 -0.1261865366
1306.9 2.128144321 -0.1270619617
1315.99 2.128075285 -0.1279434282
1325.14 2.128005287 -0.1288309771
1334.36 2.127934314 -0.1297246497
1343.64 2.127862352 -0.1306244875
1352.98 2.127789388 -0.1315305325
1362.39 2.127715408 -0.1324428266
1371.87 2.127640398 -0.1333614122
1381.41 2.127564343 -0.1342863319
1391.02 2.127487229 -0.1352176287
1400.7 2.127409041 -0.1361553458
1410.44 2.127329764 -0.1370995265
1420.25 2.127249383 -0.1380502146
1430.13 2.127167883 -0.1390074542
1440.07 2.127085248 -0.1399712894
1450.09 2.127001463 -0.140941765
1460.18 2.126916511 -0.1419189256
1470.33 2.126830376 -0.1429028165
1480.56 2.126743042 -0.1438934831
1490.86 2.126654492 -0.1448909711
1501.23 2.12656471 -0.1458953265
1511.67 2.126473678 -0.1469065955
1522.19 2.126381379 -0.1479248248
1532.77 2.126287795 -0.1489500612
1543.43 2.126192908 -0.1499823519
1554.17 2.126096701 -0.1510217443
1564.98 2.125999155 -0.1520682862
1575.86 2.125900251 -0.1531220257
1586.83 2.125799971 -0.154183011
1597.86 2.125698295 -0.1552512909
1608.98 2.125595205 -0.1563269143
1620.17 2.12549068 -0.1574099304
1631.44 2.125384701 -0.1585003889
1642.79 2.125277248 -0.1595983395
1654.21 2.125168299 -0.1607038325
1665.72 2.125057835 -0.1618169183
1677.3 2.124945834 -0.1629376478
1688.97 2.124832275 -0.164066072
1700.72 2.124717136 -0.1652022423
1712.55 2.124600396 -0.1663462106
1724.46 2.124482032 -0.1674980287
1736.45 2.124362022 -0.1686577492
1748.53 2.124240344 -0.1698254246
1760.69 2.124116973 -0.171001108
1772.94 2.123991886 -0.1721848527
1785.27 2.12386506 -0.1733767123
1797.69 2.123736471 -0.1745767407
1810.19 2.123606094 -0.1757849924
1822.78 2.123473904 -0.1770015218
1835.46 2.123339877 -0.1782263839
1848.23 2.123203987 -0.179459634
1861.08 2.123066207 -0.1807013276
1874.03 2.122926513 -0.1819515207
1887.06 2.122784877 -0.1832102696
1900.19 2.122641273 -0.1844776307
1913.41 2.122495673 -0.1857536611
1926.72 2.12234805 -0.187038418
1940.12 2.122198376 -0.1883319589
1953.61 2.122046622 -0.1896343417
1967.2 2.121892759 -0.1909456248
1980.88 2.12173676 -0.1922658667
1994.66 2.121578593 -0.1935951263
2008.54 2.121418229 -0.194933463
2022.51 2.121255638 -0.1962809362
2036.57 2.121090789 -0.1976376061
2050.74 2.12092365 -0.1990035328
2065 2.120754191 -0.2003787769
2079.37 2.120582378 -0.2017633996
2093.83 2.12040818 -0.2031574621
2108.39 2.120231563 -0.204561026
2123.06 2.120052495 -0.2059741534
2137.83 2.119870941 -0.2073969067
2152.69 2.119686867 -0.2088293485
2167.67 2.119500238 -0.2102715419
2182.75 2.119311019 -0.2117235503
2197.93 2.119119175 -0.2131854375
2213.22 2.118924668 -0.2146572676
2228.61 2.118727463 -0.216139105
2244.11 2.118527522 -0.2176310145
2259.72 2.118324808 -0.2191330613
2275.44 2.118119281 -0.2206453108
2291.26 2.117910904 -0.222167829
2307.2 2.117699637 -0.2237006821
2323.25 2.117485441 -0.2252439366
2339.41 2.117268274 -0.2267976594
2355.68 2.117048097 -0.2283619178
2372.07 2.116824867 -0.2299367795
2388.56 2.116598543 -0.2315223123
2405.18 2.116369082 -0.2331185846
2421.91 2.116136441 -0.2347256652
2438.75 2.115900576 -0.2363436229
2455.72 2.115661443 -0.2379725273
2472.8 2.115418996 -0.239612448
2490 2.115173191 -0.2412634551
2507.32 2.114923981 -0.2429256191
2524.76 2.11467132 -0.2445990108
2542.32 2.114415159 -0.2462837013
2560 2.114155451 -0.2479797621
2577.81 2.113892147 -0.249687265
2595.74 2.113625198 -0.2514062823
2613.79 2.113354554 -0.2531368865
2631.97 2.113080164 -0.2548791504
2650.28 2.112801977 -0.2566331474
2668.71 2.11251994 -0.2583989509
2687.27 2.112234 -0.260176635
2705.97 2.111944105 -0.2619662739
2724.79 2.1116502 -0.2637679423
2743.74 2.11135223 -0.265581715
2762.82 2.11105014 -0.2674076675
2782.04 2.110743872 -0.2692458753
2801.39 2.11043337 -0.2710964144
2820.88 2.110118576 -0.2729593612
2840.5 2.109799431 -0.2748347923
2860.26 2.109475876 -0.2767227846
2880.15 2.109147849 -0.2786234157
2900.18 2.108815291 -0.2805367629
2920.36 2.108478139 -0.2824629045
2940.67 2.108136331 -0.2844019186
2961.12 2.107789802 -0.2863538839
2981.72 2.107438488 -0.2883188794
3002.46 2.107082324 -0.2902969843
3023.34 2.106721244 -0.2922882782
3044.37 2.106355181 -0.2942928411
3065.55 2.105984066 -0.2963107531
3086.87 2.105607832 -0.2983420948
3108.34 2.105226407 -0.300386947
3129.96 2.104839721 -0.3024453909
3151.73 2.104447704 -0.3045175078
3173.65 2.104050281 -0.3066033796
3195.73 2.10364738 -0.3087030883
3217.95 2.103238926 -0.3108167162
3240.34 2.102824843 -0.3129443458
3262.88 2.102405055 -0.3150860601
3285.57 2.101979484 -0.3172419423
3308.42 2.101548052 -0.3194120758
3331.44 2.101110679 -0.3215965443
3354.61 2.100667285 -0.3237954318
3377.94 2.100217787 -0.3260088225
3401.44 2.099762104 -0.328236801
3425.09 2.09930015 -0.330479452
3448.92 2.098831842 -0.3327368604
3472.91 2.098357092 -0.3350091116
3497.06 2.097875814 -0.337296291
3521.39 2.09738792 -0.3395984843
3545.88 2.096893319 -0.3419157774
3570.54 2.096391922 -0.3442482566
3595.38 2.095883636 -0.3465960082
3620.39 2.095368368 -0.3489591187
3645.57 2.094846023 -0.3513376749
3670.93 2.094316507 -0.3537317638
3696.46 2.093779723 -0.3561414726
3722.17 2.093235572 -0.3585668886
3748.06 2.092683955 -0.3610080992
3774.13 2.092124772 -0.3634651923
3800.38 2.09155792 -0.3659382556
3826.81 2.090983297 -0.3684273771
3853.43 2.090400797 -0.3709326449
3880.23 2.089810315 -0.3734541474
3907.22 2.089211744 -0.3759919728
3934.4 2.088604975 -0.3785462097
3961.77 2.087989898 -0.3811169467
3989.32 2.087366401 -0.3837042725
4017.07 2.086734372 -0.3863082759
4045.01 2.086093696 -0.3889290458
4073.15 2.085444257 -0.3915666711
4101.48 2.084785938 -0.3942212408
4130.01 2.08411862 -0.396892844
4158.73 2.083442183 -0.3995815697
4187.66 2.082756505 -0.4022875071
4216.79 2.082061462 -0.4050107453
4246.12 2.08135693 -0.4077513734
4275.65 2.080642782 -0.4105094805
4305.39 2.079918889 -0.4132851557
4335.34 2.079185123 -0.4160784881
4365.49 2.078441351 -0.4188895667
4395.86 2.07768744 -0.4217184804
4426.43 2.076923256 -0.424565318
4457.22 2.076148662 -0.4274301685
4488.22 2.07536352 -0.4303131203
4519.44 2.07456769 -0.4332142622
4550.87 2.07376103 -0.4361336825
4582.53 2.072943397 -0.4390714694
4614.4 2.072114645 -0.4420277112
4646.5 2.071274628 -0.4450024956
4678.82 2.070423197 -0.4479959105
4711.36 2.0695602 -0.4510080433
4744.13 2.068685486 -0.4540389813
4777.13 2.067798899 -0.4570888116
4810.36 2.066900283 -0.4601576209
4843.82 2.065989481 -0.4632454956
4877.51 2.065066331 -0.4663525219
4911.43 2.064130672 -0.4694787857
4945.59 2.063182338 -0.4726243724
4979.99 2.062221165 -0.4757893671
5014.63 2.061246983 -0.4789738546
5049.51 2.060259622 -0.4821779192
5084.63 2.05925891 -0.4854016448
5120 2.058244672 -0.4886451148
5155.61 2.057216732 -0.4919084121
5191.47 2.056174911 -0.4951916192
5227.58 2.055119028 -0.4984948181
5263.94 2.054048899 -0.5018180901
5300.56 2.05296434 -0.505161516
5337.42 2.051865163 -0.5085251761
5374.55 2.050751178 -0.5119091498
5411.93 2.049622194 -0.5153135162
5449.58 2.048478015 -0.5187383535
5487.48 2.047318446 -0.5221837392
5525.65 2.046143287 -0.5256497501
5564.08 2.044952337 -0.5291364623
5602.78 2.043745392 -0.5326439511
5641.75 2.042522247 -0.5361722908
5681 2.041282693 -0.539721555
5720.51 2.040026518 -0.5432918164
5760.3 2.03875351 -0.5468831467
5800.37 2.037463454 -0.5504956168
5840.71 2.036156129 -0.5541292966
5881.34 2.034831316 -0.5577842547
5922.24 2.033488792 -0.561460559
5963.44 2.032128329 -0.5651582761
6004.91 2.030749701 -0.5688774716
6046.68 2.029352675 -0.5726182098
6088.74 2.027937018 -0.5763805539
6131.09 2.026502493 -0.5801645659
6173.74 2.025048862 -0.5839703065
6216.68 2.023575883 -0.5877978349
6259.92 2.02208331 -0.5916472091
6303.46 2.020570898 -0.5955184858
6347.3 2.019038395 -0.5994117202
6391.45 2.01748555 -0.6033269658
6435.91 2.015912106 -0.6072642748
6480.67 2.014317806 -0.6112236977
6525.75 2.012702389 -0.6152052836
6571.14 2.011065589 -0.6192090797
6616.85 2.009407141 -0.6232351316
6662.87 2.007726774 -0.627283483
6709.21 2.006024217 -0.6313541761
6755.88 2.004299192 -0.6354472509
6802.87 2.002551423 -0.6395627457
6850.19 2.000780627 -0.6437006968
6897.84 1.99898652 -0.6478611384
6945.81 1.997168814 -0.6520441027
6994.13 1.99532722 -0.6562496198
7042.77 1.993461442 -0.6604777177
7091.76 1.991571186 -0.6647284219
7141.09 1.989656151 -0.669001756
7190.76 1.987716034 -0.6732977409
7240.77 1.98575053 -0.6776163952
7291.14 1.98375933 -0.6819577352
7341.85 1.981742122 -0.6863217744
7392.92 1.979698591 -0.690708524
7444.34 1.977628418 -0.6951179922
7496.12 1.975531282 -0.6995501849
7548.26 1.973406859 -0.7040051049
7600.76 1.97125482 -0.7084827522
7653.63 1.969074834 -0.712983124
7706.86 1.966866568 -0.7175062144
7760.47 1.964629684 -0.7220520146
7814.45 1.962363841 -0.7266205124
7868.8 1.960068696 -0.7312116928
7923.53 1.957743901 -0.7358255371
7978.65 1.955389106 -0.7404620235
8034.14 1.953003958 -0.7451211269
8090.02 1.950588099 -0.7498028183
8146.29 1.948141169 -0.7545070656
8202.96 1.945662806 -0.7592338328
8260.01 1.943152642 -0.76398308
8317.46 1.940610308 -0.7687547639
8375.32 1.93803543 -0.773548837
8433.57 1.935427632 -0.778365248
8492.23 1.932786534 -0.7832039413
8551.3 1.930111754 -0.7880648574
8610.78 1.927402905 -0.7929479325
8670.67 1.924659598 -0.7978530985
8730.98 1.92188144 -0.8027802827
8791.71 1.919068035 -0.8077294082
8852.86 1.916218984 -0.8127003933
8914.44 1.913333885 -0.8176931517
8976.44 1.910412332 -0.8227075922
9038.88 1.907453916 -0.827743619
9101.75 1.904458226 -0.8328011311
9165.06 1.901424846 -0.8378800224
9228.8 1.898353357 -0.8429801819
9293 1.89524334 -0.8481014931
9357.63 1.892094369 -0.8532438341
9422.72 1.888906016 -0.8584070778
9488.26 1.885677851 -0.8635910914
9554.26 1.88240944 -0.8687957363
9620.71 1.879100347 -0.8740208682
9687.63 1.875750132 -0.8792663371
9755.01 1.872358353 -0.8845319868
9822.86 1.868924563 -0.889817655
9891.19 1.865448314 -0.8951231733
9959.99 1.861929156 -0.9004483669
10029.3 1.858366633 -0.9057930546
10099 1.85476029 -0.9111570487
10169.3 1.851109667 -0.9165401548
10240 1.847414301 -0.9219421716
10311.2 1.843673728 -0.9273628912
10382.9 1.83988748 -0.9328020984
10455.2 1.836055087 -0.9382595711
10527.9 1.832176077 -0.9437350798
10601.1 1.828249974 -0.9492283877
10674.8 1.824276302 -0.9547392506
10749.1 1.820254582 -0.9602674165
10823.9 1.81618433 -0.9658126259
10899.2 1.812065064 -0.9713746112
10975 1.807896298 -0.9769530972
11051.3 1.803677542 -0.9825478001
11128.2 1.799408308 -0.9881584284
11205.6 1.795088103 -0.9937846819
11283.5 1.790716434 -0.999426252
11362 1.786292806 -1.005082822
11441 1.781816721 -1.010754065
11520.6 1.77728768 -1.016439647
11600.7 1.772705185 -1.022139224
11681.4 1.768068733 -1.027852443
11762.7 1.763377823 -1.033578942
11844.5 1.75863195 -1.03931835
11926.9 1.753830609 -1.045070286
12009.8 1.748973296 -1.050834359
12093.4 1.744059504 -1.056610169
12177.5 1.739088726 -1.062397305
12262.2 1.734060453 -1.068195348
12347.5 1.728974179 -1.074003866
12433.4 1.723829395 -1.07982242
12519.8 1.718625591 -1.085650558
12606.9 1.71336226 -1.091487818
12694.6 1.708038894 -1.097333729
12782.9 1.702654983 -1.103187807
12871.8 1.697210021 -1.109049557
12961.3 1.691703499 -1.114918476
13051.5 1.686134911 -1.120794047
13142.3 1.680503752 -1.126675742
13233.7 1.674809517 -1.132563022
13325.7 1.669051703 -1.138455337
13418.4 1.663229807 -1.144352125
13511.8 1.657343328 -1.150252811
13605.7 1.651391769 -1.156156811
13700.4 1.645374632 -1.162063525
13795.7 1.639291422 -1.167972344
13891.6 1.633141648 -1.173882646
13988.3 1.626924819 -1.179793795
14085.5 1.620640447 -1.185705146
14183.5 1.61428805 -1.191616037
14282.2 1.607867145 -1.197525796
14381.5 1.601377256 -1.203433739
14481.5 1.594817907 -1.209339167
14582.3 1.588188629 -1.215241368
14683.7 1.581488955 -1.221139619
14785.8 1.574718424 -1.227033181
14888.7 1.567876578 -1.232921304
14992.2 1.560962964 -1.238803224
15096.5 1.553977136 -1.244678163
15201.5 1.54691865 -1.250545329
15307.3 1.539787071 -1.256403918
15413.7 1.532581967 -1.262253111
15520.9 1.525302913 -1.268092075
15628.9 1.517949492 -1.273919964
15737.6 1.510521292 -1.279735918
15847.1 1.503017908 -1.285539062
15957.3 1.495438943 -1.291328509
16068.3 1.487784006 -1.297103355
16180 1.480052717 -1.302862685
16292.6 1.472244701 -1.308605567
16405.9 1.464359593 -1.314331057
16520 1.456397036 -1.320038196
16634.9 1.448356684 -1.325726009
16750.6 1.440238198 -1.331393509
16867.1 1.432041251 -1.337039694
16984.5 1.423765523 -1.342663547
17102.6 1.415410709 -1.348264038
17221.6 1.40697651 -1.353840122
17341.3 1.398462642 -1.359390738
17462 1.389868831 -1.364914815
17583.4 1.381194814 -1.370411262
17705.7 1.372440343 -1.375878979
17828.9 1.363605178 -1.381316848
17952.9 1.354689097 -1.386723739
18077.8 1.345691888 -1.392098507
18203.5 1.336613355 -1.397439994
18330.1 1.327453313 -1.402747027
18457.6 1.318211596 -1.408018418
18586 1.308888048 -1.413252968
18715.3 1.299482532 -1.418449462
18845.4 1.289994925 -1.423606672
18976.5 1.280425121 -1.428723356
19108.5 1.270773029 -1.433798261
19241.4 1.261038577 -1.438830118
19375.3 1.251221708 -1.443817646
19510 1.241322385 -1.44875955
19645.7 1.231340587 -1.453654523
19782.4 1.221276313 -1.458501247
19920 1.21112958 -1.463298388
20058.5 1.200900425 -1.468044602
20198 1.190588906 -1.472738533
20338.5 1.180195098 -1.477378813
20480 1.1697191 -1.481964061
20622.4 1.159161029 -1.486492885
20765.9 1.148521026 -1.490963884
20910.3 1.137799253 -1.495375644
21055.8 1.126995894 -1.499726739
21202.2 1.116111156 -1.504015737
21349.7 1.105145268 -1.508241192
21498.2 1.094098486 -1.512401649
21647.7 1.082971087 -1.516495645
21798.3 1.071763372 -1.520521707
21949.9 1.060475668 -1.524478352
22102.6 1.049108329 -1.52836409
22256.3 1.037661732 -1.532177423
22411.1 1.02613628 -1.535916844
22567 1.014532404 -1.53958084
22724 1.002850562 -1.543167891
22882 0.9910912382 -1.546676469
23041.2 0.9792549445 -1.550105041
23201.5 0.9673422215 -1.553452069
23362.8 0.9553536379 -1.556716009
23525.3 0.9432897913 -1.559895311
23689 0.9311513085 -1.562988424
23853.7 0.918938846 -1.56599379
24019.7 0.9066530899 -1.568909849
24186.7 0.894294757 -1.571735039
24355 0.8818645944 -1.574467795
24524.4 0.8693633805 -1.57710655
24694.9 0.8567919248 -1.579649736
24866.7 0.8441510686 -1.582095786
25039.7 0.831441685 -1.584443131
25213.8 0.8186646795 -1.586690203
25389.2 0.8058209903 -1.588835437
25565.8 0.7929115883 -1.590877268
25743.6 0.7799374776 -1.592814134
25922.7 0.7668996957 -1.594644477
26103 0.753799314 -1.596366742
26284.6 0.7406374375 -1.597979377
26467.4 0.7274152056 -1.599480839
26651.5 0.7141337921 -1.600869588
26836.9 0.7007944054 -1.602144091
27023.5 0.6873982887 -1.603302822
27211.5 0.6739467203 -1.604344265
27400.8 0.6604410134 -1.605266911
27591.3 0.6468825168 -1.606069262
27783.3 0.6332726148 -1.606749827
27976.5 0.6196127272 -1.607307131
28171.1 0.6059043095 -1.607739706
28367 0.5921488531 -1.608046101
28564.4 0.5783478854 -1.608224876
28763 0.5645029696 -1.608274605
28963.1 0.5506157051 -1.60819388
29164.5 0.5366877271 -1.607981305
29367.4 0.5227207073 -1.607635504
29571.7 0.508716353 -1.607155118
29777.4 0.494676408 -1.606538805
29984.5 0.4806026517 -1.605785244
30193 0.4664968996 -1.604893134
30403 0.4523610034 -1.603861196
30614.5 0.43819685 -1.602688172
30827.5 0.4240063623 -1.601372826
31041.9 0.4097914987 -1.599913949
31257.8 0.3955542529 -1.598310354
31475.2 0.3812966538 -1.596560881
31694.1 0.3670207651 -1.594664397
31914.6 0.3527286855 -1.592619796
32136.6 0.338422548 -1.590426001
32360.1 0.3241045199 -1.588081964
32585.2 0.3097768024 -1.585586668
32811.8 0.2954416304 -1.582939126
33040 0.2811012717 -1.580138386
33269.9 0.2667580276 -1.577183527
33501.3 0.2524142314 -1.574073663
33734.3 0.2380722487 -1.570807943
33968.9 0.2237344768 -1.567385553
34205.2 0.209403344 -1.563805715
34443.1 0.1950813096 -1.560067689
34682.7 0.1807708628 -1.556170775
34923.9 0.1664745227 -1.552114312
35166.8 0.1521948374 -1.547897681
35411.4 0.1379343833 -1.543520304
35657.8 0.1236957649 -1.538981646
35905.8 0.109481614 -1.534281214
36155.5 0.09529458868 -1.529418563
36407 0.08113737313 -1.524393292
36660.2 0.06701267656 -1.519205045
36915.2 0.05292323259 -1.513853515
37172 0.03887179843 -1.508338443
37430.5 0.02486115411 -1.50265962
37690.9 0.0108941016 -1.496816884
37953 -0.003026536025 -1.490810129
38217 -0.0168979155 -1.484639295
38482.9 -0.03071717425 -1.47830438
38750.5 -0.04448143138 -1.471805431
39020.1 -0.05818778864 -1.465142553
39291.5 -0.07183333138 -1.458315904
39564.8 -0.08541512969 -1.451325698
39839.9 -0.09893023933 -1.444172206
40117.1 -0.1123757029 -1.436855757
40396.1 -0.125748551 -1.429376738
40677.1 -0.1390458032 -1.421735595
40960 -0.1522644694 -1.413932833
41244.9 -0.1654015511 -1.405969018
41531.8 -0.1784540421 -1.397844778
41820.7 -0.1914189305 -1.3895608
42111.5 -0.2042931995 -1.381117836
42404.5 -0.217073829 -1.372516701
42699.4 -0.2297577964 -1.36375827
42996.4 -0.2423420788 -1.354843487
43295.5 -0.2548236537 -1.345773358
43596.6 -0.2671995008 -1.336548953
43899.8 -0.2794666031 -1.327171411
44205.2 -0.2916219489 -1.317641934
44512.7 -0.3036625327 -1.307961791
44822.3 -0.3155853572 -1.29813232
45134 -0.3273874348 -1.288154925
45448 -0.3390657887 -1.278031076
45764.1 -0.3506174552 -1.267762313
46082.4 -0.3620394847 -1.257350244
46402.9 -0.3733289439 -1.246796543
46725.7 -0.384482917 -1.236102956
47050.7 -0.3954985077 -1.225271295
47377.9 -0.4063728407 -1.214303441
47707.5 -0.4171030636 -1.203201346
48039.3 -0.4276863487 -1.191967028
48373.5 -0.4381198946 -1.180602576
48709.9 -0.448400928 -1.169110146
49048.7 -0.4585267056 -1.157491965
49389.9 -0.468494516 -1.145750325
49733.4 -0.4783016815 -1.13388759
50079.3 -0.4879455596 -1.121906189
50427.7 -0.4974235456 -1.10980862
50778.4 -0.5067330737 -1.097597449
51131.6 -0.5158716195 -1.085275307
51487.3 -0.5248367015 -1.072844894
51845.4 -0.5336258832 -1.060308974
52206 -0.5422367752 -1.047670377
52569.1 -0.5506670365 -1.034931997
52934.8 -0.5589143772 -1.022096794
53303 -0.5669765599 -1.009167788
53673.7 -0.5748514019 -0.996148065
54047 -0.5825367769 -0.9830407706
54423 -0.5900306171 -0.9698491114
54801.5 -0.5973309151 -0.9565763538
55182.7 -0.6044357258 -0.9432258229
55566.5 -0.6113431681 -0.9298009012
55953 -0.6180514273 -0.9163050273
56342.2 -0.6245587563 -0.9027416954
56734.1 -0.6308634781 -0.8891144529
57128.7 -0.6369639873 -0.8754269
57526.1 -0.642858752 -0.8616826875
57926.2 -0.6485463153 -0.8478855158
58329.1 -0.6540252979 -0.8340391331
58734.8 -0.6592943988 -0.8201473337
59143.3 -0.664352398 -0.8062139565
59554.7 -0.6691981573 -0.7922428831
59969 -0.6738306227 -0.7782380356
60386.1 -0.6782488256 -0.7642033755
60806.1 -0.6824518844 -0.750142901
61229 -0.6864390062 -0.7360606451
61654.9 -0.690209488 -0.7219606738
62083.8 -0.6937627185 -0.7078470835
62515.6 -0.6970981792 -0.6937239991
62950.4 -0.7002154458 -0.6795955716
63388.3 -0.7031141896 -0.6654659755
63829.2 -0.7057941783 -0.6513394068
64273.1 -0.7082552779 -0.6372200801
64720.2 -0.7104974528 -0.6231122264
65170.3 -0.7125207677 -0.6090200902
65623.6 -0.714325388 -0.5949479271
66080.1 -0.7159115808 -0.5809000011
66539.7 -0.7172797158 -0.5668805814
67002.5 -0.7184302656 -0.5528939403
67468.6 -0.7193638071 -0.5389443499
67937.9 -0.720081021 -0.5250360793
68410.4 -0.7205826933 -0.5111733915
68886.2 -0.7208697148 -0.4973605409
69365.4 -0.7209430818 -0.4836017698
69847.9 -0.7208038963 -0.4699013059
70333.7 -0.7204533656 -0.4562633585
70822.9 -0.719892803 -0.4426921161
71315.5 -0.7191236271 -0.429191743
71811.5 -0.7181473617 -0.4157663763
72311 -0.7169656354 -0.4024201225
72814 -0.7155801816 -0.3891570547
73320.5 -0.7139928372 -0.3759812092
73830.4 -0.7122055425 -0.3628965823
74344 -0.7102203402 -0.3499071277
74861.1 -0.7080393746 -0.3370167525
75381.8 -0.7056648905 -0.3242293146
75906.1 -0.7030992323 -0.3115486197
76434.1 -0.7003448425 -0.2989784179
76965.7 -0.6974042604 -0.2865224005
77501 -0.694280121 -0.2741841975
78040.1 -0.6909751529 -0.261967374
78582.9 -0.6874921771 -0.2498754277
79129.5 -0.6838341049 -0.2379117857
79679.9 -0.6800039364 -0.2260798016
80234.1 -0.6760047579 -0.214382753
80792.2 -0.6718397403 -0.2028238382
81354.1 -0.6675121368 -0.191406174
81920 -0.6630252801 -0.1801327929
82489.8 -0.658382581 -0.1690066403
83063.6 -0.6535875247 -0.1580305724
83641.3 -0.648643669 -0.1472073533
84223.1 -0.6435546413 -0.1365396533
84808.9 -0.6383241358 -0.1260300462
85398.8 -0.6329559108 -0.1156810071
85992.8 -0.6274537852 -0.1054949109
86590.9 -0.6218216363 -0.09547402954
87193.2 -0.6160633959 -0.085620531
87799.7 -0.6101830473 -0.07593647696
88410.4 -0.6041846224 -0.06642382147
89025.3 -0.598072198 -0.05708440932
89644.5 -0.5918498923 -0.04791997472
90268.1 -0.5855218619 -0.03893214002
90895.9 -0.5790922979 -0.03012241453
91528.2 -0.5725654225 -0.02149219352
92164.8 -0.5659454855 -0.01304275736
92805.8 -0.5592367604 -0.004775270694
93451.4 -0.5524435412 0.003309218137
94101.4 -0.5455701383 0.01120977762
94755.9 -0.5386208751 0.01892559343
95415 -0.5316000842 0.02645596866
96078.6 -0.5245121034 0.03380032392
96746.9 -0.5173612726 0.04095819728
97419.8 -0.5101519297 0.04792924412
98097.5 -0.5028884068 0.0547132368
98779.8 -0.4955750267 0.06131006423
99466.8 -0.4882160993 0.06771973127
100159 -0.480815918 0.07394235802
100855 -0.4733787558 0.079978179
101557 -0.4659088618 0.08582754212
102263 -0.4584104582 0.09149090763
102975 -0.450887736 0.09696884687
103691 -0.4433448524 0.1022620409
104412 -0.4357859267 0.107371279
105138 -0.4282150377 0.1122974573
105870 -0.4206362198 0.1170415765
106606 -0.4130534604 0.1216047407
107347 -0.4054706965 0.1259881551
108094 -0.3978918121 0.1301931242
108846 -0.3903206345 0.1342210491
109603 -0.3827609325 0.1380734261
110365 -0.3752164129 0.1417518436
111133 -0.3676907183 0.1452579802
111906 -0.3601874243 0.1485936018
112684 -0.3527100374 0.1517605595
113468 -0.3452619922 0.1547607863
114257 -0.3378466499 0.1575962949
115052 -0.3304672956 0.1602691746
115852 -0.3231271366 0.1627815886
116658 -0.3158293005 0.1651357711
117470 -0.3085768333 0.1673340239
118287 -0.3013726982 0.1693787143
119109 -0.2942197735 0.1712722709
119938 -0.2871208519 0.1730171815
120772 -0.2800786386 0.1746159895
121612 -0.2730957506 0.1760712907
122458 -0.2661747154 0.1773857303
123310 -0.2593179703 0.1785619999
124168 -0.2525278616 0.179602834
125031 -0.245806644 0.1805110067
125901 -0.2391564796 0.1812893291
126777 -0.2325794383 0.1819406456
127658 -0.2260774968 0.1824678309
128546 -0.2196525389 0.1828737869
129440 -0.213306355 0.1831614393
130341 -0.2070406425 0.1833337349
131247 -0.2008570059 0.1833936383
132160 -0.1947569569 0.1833441287
133079 -0.1887419148 0.1831881973
134005 -0.1828132073 0.182928844
134937 -0.1769720707 0.1825690744
135876 -0.1712196506 0.1821118972
136821 -0.1655570031 0.1815603215
137772 -0.1599850949 0.1809173533
138731 -0.1545048052 0.1801859938
139696 -0.1491169259 0.179369236
140667 -0.1438221631 0.1784700622
141646 -0.1386211385 0.177491442
142631 -0.1335143901 0.1764363292
143623 -0.1285023741 0.1753076598
144622 -0.1235854661 0.1741083496
145628 -0.1187639625 0.1728412921
146641 -0.1140380821 0.171509356
147661 -0.1094079678 0.1701153835
148688 -0.1048736882 0.168662188
149722 -0.1004352392 0.1671525525
150764 -0.09609254571 0.1655892275
151812 -0.09184546369 0.1639749294
152868 -0.08769378177 0.1623123386
153931 -0.08363722318 0.1606040983
155002 -0.07967544762 0.1588528125
156080 -0.07580805318 0.1570610452
157166 -0.0720345783 0.1552313183
158259 -0.06835450372 0.1533661111
159360 -0.06476725448 0.1514678585
160468 -0.06127220188 0.1495389504
161584 -0.05786866553 0.1475817302
162708 -0.05455591533 0.1455984944
163840 -0.0513331735 0.1435914912
164980 -0.04819961658 0.1415629204
166127 -0.0451543775 0.1395149318
167283 -0.04219654753 0.1374496255
168446 -0.03932517831 0.1353690507
169618 -0.03653928387 0.1332752056
170798 -0.03383784256 0.1311700368
171986 -0.03121979906 0.129055439
173182 -0.02868406633 0.1269332549
174386 -0.02622952752 0.1248052747
175599 -0.02385503788 0.1226732364
176821 -0.02155942666 0.1205388253
178051 -0.01934149899 0.1184036742
179289 -0.01720003764 0.1162693635
180536 -0.01513380493 0.1141374214
181792 -0.01314154439 0.1120093236
183056 -0.0112219826 0.1098864941
184330 -0.009373830843 0.1077703053
185612 -0.007595786777 0.1056620781
186903 -0.005886536098 0.1035630824
188203 -0.004244754124 0.1014745378
189512 -0.002669107359 0.09939761371
190830 -0.001158255014 0.09733342989
192157 0.0002891495043 0.09528305721
193494 0.001674457159 0.09324751805
194840 0.002999021874 0.09122778703
196195 0.00426419918 0.08922479157
197560 0.005471344895 0.08723941264
198934 0.006621813849 0.08527248549
200317 0.00771695865 0.08332480032
201711 0.008758128498 0.08139710311
203114 0.009746668035 0.0794900964
204526 0.01068391624 0.07760444011
205949 0.01157120539 0.07574075235
207382 0.01240985999 0.07389961029
208824 0.01320119587 0.07208155106
210276 0.01394651919 0.07028707257
211739 0.0146471256 0.06851663448
213212 0.01530429933 0.06677065906
214695 0.01591931248 0.06504953213
216188 0.01649342415 0.06335360398
217692 0.0170278798 0.06168319033
219206 0.01752391051 0.06003857324
220731 0.01798273237 0.05842000207
222266 0.01840554587 0.05682769443
223812 0.01879353531 0.05526183712
225369 0.01914786831 0.05372258711
226936 0.0194696953 0.05221007242
228515 0.01976014906 0.05072439316
230104 0.0200203443 0.04926562239
231705 0.02025137731 0.04783380709
233316 0.02045432554 0.04642896913
234939 0.02063024737 0.04505110611
236573 0.02078018178 0.04370019238
238219 0.02090514807 0.04237617985
239876 0.02100614571 0.04107899898
241544 0.02108415409 0.03980855961
243224 0.02114013237 0.03856475188
244916 0.02117501937 0.03734744705
246620 0.02118973344 0.03615649842
248335 0.02118517238 0.03499174214
250062 0.02116221341 0.03385299801
251802 0.02112171309 0.03274007038
253553 0.02106450737 0.03165274886
255317 0.02099141156 0.03059080918
257093 0.02090322041 0.02955401392
258881 0.02080070812 0.02854211329
260681 0.02068462846 0.02755484585
262495 0.02055571485 0.02659193926
264320 0.02041468049 0.02565311097
266159 0.02026221845 0.02473806892
268010 0.02009900189 0.02384651222
269874 0.01992568418 0.02297813179
271751 0.01974289907 0.02213261101
273642 0.01955126095 0.02130962636
275545 0.01935136497 0.02050884799
277462 0.01914378734 0.01972994036
279391 0.01892908551 0.01897256274
281335 0.01870779846 0.01823636984
283292 0.01848044689 0.01752101227
285262 0.01824753356 0.01682613714
287246 0.01800954351 0.01615138848
289244 0.01776694436 0.01549640779
291256 0.01752018659 0.01486083445
293282 0.01726970386 0.01424430622
295322 0.01701591326 0.01364645964
297376 0.01675921568 0.01306693045
299444 0.01649999607 0.01250535401
301527 0.0162386238 0.01196136563
303624 0.01597545294 0.01143460102
305736 0.0157108226 0.01092469655
307863 0.01544505727 0.01043128966
310004 0.01517846713 0.009954019121
312160 0.01491134837 0.009492525384
314332 0.01464398357 0.009046450838
316518 0.01437664196 0.008615440099
318720 0.01410957981 0.008199140265
320936 0.01384304074 0.007797201165
323169 0.01357725605 0.007409275589
325417 0.01331244506 0.007035019506
327680 0.01304881543 0.006674092269
329959 0.01278656348 0.006326156811
332254 0.01252587454 0.005990879818
334565 0.01226692325 0.005667931906
336892 0.0120098739 0.005356987767
339236 0.01175488072 0.00505772632
341595 0.01150208824 0.004769830841
343971 0.01125163154 0.004492989084
346364 0.01100363663 0.004226893396
348773 0.01075822068 0.003971240814
351199 0.01051549238 0.00372573316
353642 0.0102755522 0.00349007712
356101 0.01003849269 0.003263984316
358578 0.009804398778 0.003047171374
361072 0.009573348034 0.002839359971
363584 0.009345410959 0.00264027689
366113 0.009120651253 0.002449654051
368659 0.008899126082 0.00226722855
371223 0.008680886341 0.002092742674
373805 0.008465976908 0.001925943924
376405 0.008254436896 0.001766585021
379024 0.0080462999 0.001614423914
381660 0.007841594235 0.001469223771
384315 0.007640343172 0.001330752976
386988 0.007442565167 0.001198785111
389679 0.007248274083 0.001073098941
392390 0.007057479409 0.0009534783846
395119 0.006870186471 0.000839712488
397867 0.006686396642 0.000731595391
400635 0.006506107536 0.0006289262887
403421 0.006329313213 0.0005315093903
406227 0.006156004358 0.000439153873
409053 0.005986168476 0.0003516738336
411898 0.005819790061 0.0002688882361
414763 0.005656850776 0.0001906208561
417648 0.005497329618 0.0001167002233
420553 0.005341203083 4.695956064e-05
423478 0.005188445317 -1.876327889e-05
426424 0.005039028276 -8.06258774e-05
429390 0.004892921868 -0.0001387813193
432376 0.004750094095 -0.0001933782605
435384 0.00461051119 -0.0002445609991
438412 0.00447413775 -0.0002924695474
441461 0.004340936861 -0.0003372397056
444532 0.004210870221 -0.0003790031364
447624 0.004083898256 -0.0004178874406
450738 0.003959980235 -0.0004540162337
453873 0.003839074377 -0.0004875092226
457030 0.003721137952 -0.0005184822841
460208 0.003606127385 -0.0005470475424
463410 0.00349399835 -0.0005733134481
466633 0.003384705857 -0.0005973848564
469878 0.003278204345 -0.0006193631065
473147 0.003174447759 -0.0006393460997
476438 0.003073389634 -0.0006574283786
479752 0.002974983168 -0.0006737012053
483089 0.002879181295 -0.0006882526396
486449 0.002785936751 -0.0007011676165
489832 0.00269520214 -0.000712528024
493239 0.002606929997 -0.0007224127791
496670 0.002521072843 -0.0007308979048
500125 0.002437583242 -0.0007380566047
503603 0.002356413854 -0.0007439593383
507106 0.002277517479 -0.0007486738945
510633 0.00220084711 -0.000752265465
514185 0.00212635597 -0.000754796716
517761 0.002053997557 -0.0007563278601
521363 0.00198372568 -0.0007569167256
524989 0.001915494495 -0.0007566188265
528641 0.001849258538 -0.0007554874303
532318 0.001784972755 -0.0007535736249
536020 0.001722592533 -0.0007509263848
539749 0.001662073725 -0.0007475926359
543503 0.001603372672 -0.0007436173187
547283 0.00154644623 -0.0007390434513
551090 0.001491251789 -0.0007339121903
554923 0.001437747289 -0.0007282628911
558783 0.001385891239 -0.0007221331662
562669 0.001335642734 -0.0007155589435
566583 0.001286961466 -0.0007085745222
570524 0.001239807736 -0.0007012126278
574492 0.001194142469 -0.0006935044664
578488 0.001149927217 -0.000685479777
582512 0.001107124173 -0.000677166883
586564 0.001065696173 -0.0006685927423
590644 0.001025606705 -0.0006597829961
594752 0.0009868199114 -0.0006507620171
598889 0.0009493005948 -0.0006415529551
603054 0.0009130142174 -0.0006321777832
607249 0.0008779269045 -0.000622657341
611473 0.0008440054443 -0.0006130113782
615726 0.0008112172879 -0.0006032585958
620008 0.000779530548 -0.0005934166867
624321 0.0007489139969 -0.0005835023755
628663 0.0007193370646 -0.0005735314561
633036 0.0006907698346 -0.0005635188294
637439 0.0006631830409 -0.0005534785389
641873 0.000636548063 -0.000543423806
646337 0.0006108369215 -0.0005333670636
650833 0.0005860222721 -0.0005233199892
655360 0.0005620773999 -0.0005132935365
659918 0.0005389762131 -0.0005032979664
664508 0.0005166932364 -0.0004933428765
669131 0.0004952036035 -0.0004834372302
673785 0.0004744830501 -0.0004735893846
678471 0.0004545079057 -0.0004638071172
683190 0.0004352550863 -0.0004540976523
687942 0.0004167020853 -0.0004444676859
692727 0.0003988269657 -0.0004349234099
697546 0.0003816083512 -0.0004254705361
702397 0.0003650254175 -0.000416114318
707283 0.0003490578829 -0.0004068595732
712203 0.0003336859997 -0.0003977107041
717156 0.0003188905449 -0.0003886717185
722145 0.0003046528106 -0.0003797462487
727167 0.0002909545949 -0.0003709375704
732225 0.0002777781922 -0.0003622486208
737318 0.0002651063843 -0.0003536820159
742447 0.0002529224301 -0.0003452400674
747611 0.0002412100567 -0.0003369247986
752811 0.0002299534498 -0.0003287379596
758047 0.000219137244 -0.0003206810424
763320 0.0002087465134 -0.0003127552953
768629 0.0001987667625 -0.0003049617359
773975 0.0001891839164 -0.0002973011646
779359 0.0001799843117 -0.0002897741773
784780 0.0001711546871 -0.0002823811769
790238 0.0001626821746 -0.0002751223852
795735 0.0001545542901 -0.0002679978537
801270 0.0001467589242 -0.0002610074742
806843 0.0001392843338 -0.0002541509891
812455 0.0001321191331 -0.0002474280005
818106 0.0001252522846 -0.0002408379798
823796 0.000118673091 -0.0002343802766
829526 0.0001123711863 -0.0002280541267
835296 0.0001063365276 -0.0002218586601
841106 0.0001005593873 -0.0002157929093
846956 9.503034411e-05 -0.0002098558156
852847 8.974027586e-05 -0.0002040462369
858779 8.468035129e-05 -0.0001983629536
864753 7.98420224e-05 -0.0001928046753
870768 7.521701692e-05 -0.0001873700468
876824 7.079733083e-05 -0.0001820576535
882923 6.657522107e-05 -0.0001768660269
889064 6.254319839e-05 -0.0001717936496
895248 5.869402031e-05 -0.0001668389606
901475 5.502068423e-05 -0.0001620003593
907745 5.15164207e-05 -0.0001572762102
914059 4.817468683e-05 -0.000152664847
920417 4.498915977e-05 -0.0001481645764
926819 4.195373043e-05 -0.000143773682
933266 3.906249727e-05 -0.0001394904273
939757 3.630976027e-05 -0.0001353130595
946293 3.369001496e-05 -0.0001312398124
952875 3.119794671e-05 -0.0001272689093
959503 2.882842501e-05 -0.0001233985659
966177 2.657649802e-05 -0.0001196269924
972897 2.443738716e-05 -0.0001159523965
979664 2.240648184e-05 -0.0001123729855
986479 2.047933436e-05 -0.0001088869681
993340 1.865165492e-05 -0.000105492557
1e+06 1.697998265e-05 -0.0001023052421
